date,open,high,low,close,volume,korcom
20101201,12300,12300,11950,12000,540,0
20101202,12000,12150,12000,12150,100,0
20101203,12150,12350,11800,12300,5441,0
20101206,12300,12450,12150,12300,3580,0
20101207,12300,12350,12000,12250,1010,0
20101208,12100,12300,10500,11850,6590,-20
20101209,12050,12050,11750,12000,1210,0
20101210,12150,12800,11850,12300,440,0
20101213,12700,13000,12250,12250,1340,0
20101214,12650,12650,12300,12500,300,0
20101215,12900,12900,12000,12000,5220,0
20101216,12050,12550,11800,12450,2410,0
20101217,12100,12800,12100,12750,1020,0
20101220,12200,12500,12000,12000,4120,0
20101221,12200,12900,11750,11900,2483,-3
20101222,11900,12350,11900,11900,1620,0
20101223,11900,12400,11700,11900,34668,0
20101224,12100,12100,11750,11850,1590,0
20101227,11850,12550,11500,12500,3976,-6
20101228,12350,12350,11550,11950,9530,0
20101229,11950,12100,11850,11850,510,-10
20101230,11700,12100,11650,11800,1520,0
20110103,11650,12100,11550,11750,1320,0
20110104,11600,11950,11600,11750,1160,0
20110105,11700,11800,11600,11800,1050,0
20110106,11650,11700,11350,11550,2340,0
20110107,11600,11650,11200,11400,1520,0
20110110,11500,11500,11250,11250,890,0
20110111,11150,11500,11150,11250,1920,0
20110112,11500,11600,11150,11300,1650,0
20110113,11100,11650,11100,11300,790,0
20110114,11500,11500,11150,11300,1710,0
20110117,11300,11500,11300,11500,220,0
20110118,11050,11850,11050,11350,1030,0
20110119,11150,11250,11000,11000,2190,0
20110120,10950,11150,10400,10500,6730,-10
20110121,10600,10650,10350,10400,1420,0
20110124,10450,11050,10400,10750,1060,0
20110125,10750,10750,10500,10600,990,0
20110126,10600,10700,10300,10600,2440,0
20110127,10650,10700,10400,10650,560,0
20110128,10750,10950,10650,10850,316,0
20110131,10800,10800,10550,10800,730,0
20110201,10450,10750,10450,10700,1260,0
20110207,10700,10700,10550,10700,4150,0
20110208,10750,11300,10750,11000,3830,0
20110209,10900,11350,10600,11250,1610,0
20110210,11250,11250,11000,11250,690,0
20110211,11000,11300,10750,11200,2950,-10
20110214,11400,11650,11100,11400,930,0
20110215,11150,13000,11150,11750,6390,0
20110216,11350,12900,11350,12600,11276,0
20110217,13100,13100,12150,12650,5321,0
20110218,12400,12650,11900,12300,2350,0
20110221,11650,12700,11650,12350,1920,0
20110222,12350,12500,12000,12150,4520,0
20110223,12150,13000,11700,12550,9360,0
20110224,12100,12600,11700,11700,1370,0
20110225,12000,12400,11700,11700,920,0
20110228,11700,11900,11000,11150,8671,0
20110302,11150,11350,11050,11300,760,0
20110303,11000,11800,11000,11250,2201,0
20110304,10950,11400,10950,11350,321,-10
20110307,11300,11300,10850,10950,1460,0
20110308,11100,11100,10250,10650,1260,0
20110309,10650,11850,10600,11650,4860,-10
20110310,11000,11350,11000,11050,5700,0
20110311,11000,11150,10500,10900,3090,0
20110314,11200,11200,10500,10600,2060,0
20110315,10750,10750,9730,9950,7570,0
20110316,10100,10500,9970,9970,2650,0
20110317,9910,9910,9730,9800,2820,0
20110318,11000,11000,9820,9820,4370,0
20110321,9830,10500,9830,10250,900,0
20110322,10400,10600,10200,10400,100,0
20110323,10650,10750,10300,10750,530,0
20110324,10400,10400,10300,10300,760,0
20110325,10350,10850,10350,10350,1540,0
20110328,10350,11200,10350,11050,2130,0
20110329,11050,11200,10800,11150,164,0
20110330,11150,11800,11000,11150,3830,0
20110331,11250,11300,10800,11200,2100,0
20110401,11400,11450,10900,11300,950,0
20110404,11400,11500,10700,10700,2710,-10
20110405,10850,11400,10700,10950,1750,0
20110406,10950,11200,10950,11150,80,0
20110407,11000,11000,10900,11000,1200,0
20110408,11200,11250,10850,11050,530,0
20110411,10850,10950,10800,10850,610,0
20110412,11100,11100,10750,11050,120,0
20110413,10550,11000,10550,11000,1710,0
20110414,10900,10950,10800,10950,40,0
20110415,10950,11250,10850,11000,3640,0
20110418,10800,11100,10750,10850,1840,0
20110419,11050,11050,10250,10500,1550,0
20110420,10500,10850,10350,10750,1190,-90
20110421,10500,10500,10300,10400,2780,0
20110422,10400,10600,10250,10250,2731,-10
20110425,10150,10400,10150,10400,520,-10
20110426,10350,10350,9830,9990,4810,0
20110427,10200,10200,9980,9980,1700,0
20110428,9950,10150,9950,10000,1390,0
20110429,9910,10050,9910,9970,1081,0
20110502,10200,10200,9900,9900,1530,0
20110503,9900,10000,9900,10000,598,0
20110504,10150,10150,9900,10150,550,0
20110506,10100,10100,10000,10000,470,0
20110509,9850,10200,9850,9990,158,0
20110511,10050,10050,9940,10000,140,0
20110512,10000,10000,9860,9980,220,0
20110513,9900,9910,9730,9810,1410,0
20110516,9710,9890,9700,9890,310,0
20110517,9900,9900,9790,9800,320,0
20110518,10000,10200,9800,9800,1640,0
20110519,9760,9810,9700,9750,2960,0
20110520,9760,9760,9760,9760,0,0
20110523,9850,9940,9600,9620,590,0
20110524,9660,9700,9400,9660,690,0
20110525,9660,10000,9540,10000,680,0
20110526,9990,9990,9720,9970,100,0
20110527,9800,9960,9660,9960,410,0
20110530,9990,9990,9650,9890,190,0
20110531,9610,9810,9600,9660,330,0
20110601,9940,9940,9640,9640,640,0
20110602,9590,9790,9500,9780,350,0
20110603,9690,9830,9690,9830,20,0
20110607,9560,9870,9550,9800,150,0
20110608,9800,9940,9550,9550,40,0
20110609,9720,9720,9720,9720,10,0
20110610,9580,9760,9430,9510,4090,0
20110613,9460,9710,9050,9050,4690,0
20110614,9060,9350,9060,9300,680,0
20110615,9290,9290,9000,9270,2180,0
20110616,9060,9300,9000,9010,290,-10
20110617,9170,9200,9170,9200,20,0
20110620,9280,9280,9280,9280,10,0
20110621,9350,9470,8900,9450,1430,-10
20110622,9300,9640,9210,9310,3060,0
20110623,9000,9450,9000,9450,3300,0
20110624,9800,9970,9330,9880,450,0
20110627,9700,9700,9400,9690,2130,0
20110628,9400,9870,9400,9790,410,0
20110629,9470,9630,9180,9410,2911,-1
20110630,9700,10050,9390,9970,820,0
20110701,9530,9970,9530,9630,313,-12
20110704,9960,9960,9540,9540,127,0
20110705,9880,9890,9400,9430,650,0
20110706,9650,10100,9430,9950,1400,0
20110707,9990,9990,9600,9600,1580,0
20110708,9620,10050,9540,9840,890,-10
20110711,9840,9840,9840,9840,0,0
20110712,9830,9830,9410,9700,740,0
20110713,9360,9740,9160,9740,960,0
20110714,9780,9780,9780,9780,10,0
20110715,9890,9890,9700,9790,560,0
20110718,10000,10500,9670,10450,3570,0
20110719,10400,10400,9900,10100,2660,0
20110720,10300,11300,10050,10650,2610,0
20110721,10650,10950,10150,10250,1770,0
20110722,10500,10750,10150,10750,1680,0
20110725,11000,11000,10400,10750,920,0
20110726,10850,10850,10350,10350,1060,0
20110727,10300,10800,10150,10800,850,0
20110728,10800,10800,10250,10600,780,0
20110729,10400,11000,10400,11000,1040,0
20110801,11200,11200,10700,11100,1720,0
20110802,10500,11050,10200,10450,3530,0
20110803,10450,10900,10100,10650,2250,0
20110804,10600,10600,9930,10050,1221,0
20110805,9950,9950,9420,9530,2189,0
20110808,9600,9700,8340,8610,2160,0
20110809,7900,8970,7410,7800,9600,0
20110810,7900,8320,7900,8190,3530,0
20110811,8500,8530,8000,8510,1220,0
20110812,8770,9500,8420,8700,1100,0
20110816,9500,9500,8800,9380,380,0
20110817,9400,9400,8870,9250,900,0
20110818,9590,9700,9100,9420,650,0
20110819,9460,9460,8380,8470,710,0
20110822,8470,9190,8390,9190,1290,0
20110823,8650,9470,8650,9230,1790,0
20110824,8970,9790,8830,9630,2050,0
20110825,9570,9970,9240,9690,130,0
20110826,9670,9670,9670,9670,0,0
20110829,9890,9940,9890,9940,20,0
20110830,9900,9900,9280,9280,2279,0
20110831,9280,9430,9010,9370,793,0
20110901,9400,9890,9370,9590,700,0
20110902,9590,9980,9120,9400,1140,-10
20110905,9400,9400,9090,9280,140,0
20110906,9330,9330,9010,9180,130,0
20110907,9490,9490,9200,9260,100,0
20110908,9190,9440,9190,9440,90,0
20110909,9820,9820,9400,9650,450,0
20110914,9900,9900,9180,9250,1620,0
20110915,9280,9350,9030,9150,400,0
20110916,9330,9800,9330,9770,900,0
20110919,9820,9820,9400,9680,230,-10
20110920,9600,9600,9600,9600,0,0
20110921,9600,9780,9600,9780,100,0
20110922,9850,9850,8630,9050,1451,0
20110923,9340,9340,8600,8640,673,-2
20110926,8120,9200,7730,7800,1991,-1
20110927,8250,8800,7930,8800,3466,0
20110928,9500,9500,8400,8980,480,0
20110929,9380,9380,9380,9380,10,0
20110930,9480,9480,8600,8600,1960,0
20111004,8590,8590,8030,8590,1550,0
20111005,8580,8580,8120,8140,960,0
20111006,8180,8960,8100,8960,770,0
20111007,8900,8900,8390,8450,1227,-7
20111010,8550,8600,8410,8450,1340,0
20111011,8460,8510,8460,8510,470,0
20111012,8410,8760,8400,8580,300,0
20111013,8660,8700,8480,8700,90,0
20111014,8770,8770,8510,8700,250,0
20111017,9000,9100,8850,8850,300,0
20111018,9100,9100,8380,8670,241,0
20111019,8660,8700,8500,8510,4489,0
20111020,8550,8650,8460,8500,1350,0
20111021,8310,9500,8300,9500,950,0
20111024,9040,9760,8710,9300,990,0
20111025,9300,9300,8830,9000,220,0
20111026,8630,9180,8630,8870,170,0
20111027,8950,9040,8800,9040,2300,0
20111028,9100,9500,8810,9000,1570,0
20111031,9480,9480,8530,9350,520,0
20111101,8620,9300,8620,9300,200,0
20111102,8540,9200,8540,8960,810,0
20111103,8950,9900,8950,9380,5120,0
20111104,9600,9800,9210,9400,1650,0
20111107,9950,9950,8720,9320,420,0
20111108,9030,9700,9030,9130,740,0
20111109,9170,9500,9010,9500,950,0
20111110,9500,9780,8730,9110,950,0
20111111,9060,9750,9050,9750,720,0
20111114,9680,9680,9680,9680,10,0
20111115,9080,9650,9040,9380,2000,0
20111116,9250,9250,8850,8990,1100,0
20111117,8980,8980,8620,8820,2720,0
20111118,8530,9200,8530,8620,950,0
20111121,8520,8700,8510,8610,281,-10
20111122,8640,8800,8640,8800,30,0
20111123,8800,8800,8630,8630,660,0
20111124,8650,9440,8380,8600,1820,0
20111125,8790,9190,8650,9100,900,0
20111128,9050,9050,9050,9050,10,0
20111129,9050,9590,9000,9390,150,0
20111130,8640,9570,8640,9010,400,0
20111201,8930,9360,8900,9280,510,0
20111202,9010,9500,9010,9450,60,-10
20111205,9450,9450,9100,9290,1330,0
20111206,9040,9250,9040,9250,111,0
20111207,9100,9380,9100,9200,740,-10
20111208,9030,9500,9030,9380,670,0
20111209,9370,9900,9310,9870,1511,0
20111212,9880,10000,9750,9750,4230,0
20111213,9750,9890,9220,9300,940,0
20111214,9350,10150,9350,9800,3330,0
20111215,9890,9890,9410,9850,1310,0
20111216,10100,10100,9440,9840,1030,0
20111219,9520,10650,8860,9210,3510,0
20111220,9060,9430,9060,9350,80,0
20111221,9370,9380,9360,9360,40,0
20111222,9300,9400,9300,9400,35,0
20111223,9480,9480,9170,9330,110,0
20111226,9330,9330,9200,9320,240,0
20111227,9440,9440,9110,9110,540,0
20111228,9000,9250,8900,9160,1950,0
20111229,9160,9400,9160,9400,20,0
20120102,9070,9440,9070,9440,30,0
20120103,9150,9330,9150,9250,370,0
20120104,9250,9250,9100,9150,4480,0
20120105,9150,9160,9120,9160,370,0
20120106,9150,9180,9080,9090,1075,0
20120109,9100,9100,8800,8900,3710,0
20120110,8930,9120,8930,9120,35,0
20120111,9220,9220,8880,9000,80,0
20120112,8890,9090,8800,9000,1380,0
20120113,8900,9240,8900,9000,200,0
20120116,9150,9230,9150,9150,200,0
20120117,9160,9200,9150,9150,190,0
20120118,9200,9200,9020,9140,130,0
20120119,9020,9130,8970,9000,2060,0
20120120,9130,9130,8900,9000,130,-20
20120125,8970,9090,8970,9090,120,0
20120126,9120,9130,8980,9000,1420,0
20120127,9040,9100,9040,9040,490,0
20120130,9000,9040,8990,9020,210,0
20120131,9000,9080,9000,9050,50,0
20120201,9000,9250,9000,9120,640,0
20120202,9050,9100,9020,9030,860,0
20120203,9030,9120,9000,9120,180,0
20120206,9100,9450,9100,9440,400,0
20120207,9350,9350,9180,9200,510,0
20120208,9230,9350,9230,9350,390,-10
20120209,9510,9860,9230,9750,6060,0
20120210,9880,9890,9520,9600,1821,0
20120213,9900,9900,9470,9570,295,0
20120214,9320,9900,9320,9600,651,0
20120215,9600,9690,9500,9690,481,0
20120216,9690,9690,9550,9600,460,0
20120217,9410,10350,9410,10200,2180,0
20120220,9810,10850,9810,10350,3430,0
20120221,10000,10500,9910,10000,2100,0
20120222,10000,11000,10000,10200,7900,0
20120223,10100,10200,9950,10100,1270,0
20120224,10500,11500,10300,10700,21327,0
20120227,11150,12300,10750,12000,15472,0
20120228,12000,12400,11050,11550,6482,0
20120229,11300,11800,11100,11800,6115,0
20120302,12500,12500,11250,11250,4030,0
20120305,11400,11400,10600,10600,5236,0
20120306,10700,11150,10300,10550,6930,0
20120307,10350,11050,10100,10300,6730,0
20120308,10300,10600,10300,10500,1920,0
20120309,10500,12050,10300,10800,32201,0
20120312,10850,11300,10700,10750,6829,0
20120313,10900,11650,10850,11200,5991,0
20120314,11200,11700,11200,11400,1750,0
20120315,11250,11800,11250,11700,4750,0
20120316,11450,12200,11450,12150,4886,0
20120319,12100,12100,11700,11700,980,-10
20120320,11850,11850,11400,11500,3950,0
20120321,11250,11450,10950,10950,3681,0
20120322,10950,11650,10800,10850,1060,0
20120323,10800,11450,10700,10900,1900,0
20120326,10850,11650,10700,11250,1810,0
20120327,11250,12200,11200,11900,9329,0
20120328,11900,12200,11500,11650,1918,-8
20120329,11500,11750,11350,11500,2638,0
20120330,11300,12700,11300,11700,7499,0
20120402,11700,12100,11500,12000,2130,0
20120403,12000,12450,11950,12400,2800,0
20120404,11700,12700,11400,12200,9450,0
20120405,11550,12200,11200,11500,4811,0
20120406,11500,12000,11500,11850,4710,0
20120409,11500,12300,11100,11800,5580,0
20120410,12300,12300,11400,12000,1851,0
20120412,12200,12200,11400,11650,2560,0
20120413,11900,12000,11650,11950,1640,0
20120416,11950,12800,11200,12600,5050,0
20120417,12600,12800,11300,11350,7792,0
20120418,11450,11800,11400,11550,1470,0
20120419,11350,11950,11300,11450,5110,0
20120420,11450,12350,11350,11650,2249,0
20120423,11600,12000,11600,11900,1090,0
20120424,11250,11850,11150,11700,1990,0
20120425,11700,12100,11500,11800,2261,0
20120426,11800,11950,11200,11350,5570,0
20120427,11350,11700,11350,11700,1890,0
20120430,11700,11700,11300,11300,130,0
20120502,10800,12000,10800,11200,910,0
20120503,11250,11500,10950,10950,1160,0
20120504,10850,11500,10850,11500,1590,0
20120507,11500,13000,11250,12350,43690,0
20120508,12350,13700,11650,12850,43481,0
20120509,12950,13000,12400,12600,7039,0
20120510,12600,13400,12600,12850,8040,0
20120511,12950,13150,12700,12900,2280,0
20120514,12700,13300,12550,12900,2890,0
20120515,12800,13050,12600,12850,6760,-10
20120516,12500,12850,11750,12800,4690,0
20120517,12850,12850,12650,12750,440,0
20120518,11950,12550,11300,12000,18920,0
20120521,11650,12400,11300,11400,3060,0
20120522,11400,11800,11300,11600,2590,0
20120523,11600,11800,11400,11800,1399,0
20120524,11650,13200,11650,13100,8000,0
20120525,13100,15050,12700,14300,21970,0
20120529,14000,16200,14000,14400,25180,0
20120530,14400,14850,13650,14800,9020,0
20120531,14450,16400,14450,16200,21890,0
20120601,15700,16550,15450,15700,13108,0
20120604,15150,15400,14550,14750,7670,0
20120605,14400,16850,14400,16400,13118,0
20120607,17050,17750,16600,17450,9200,0
20120608,17100,17600,16900,17000,5220,0
20120611,17450,17800,16900,17000,10240,0
20120612,16900,17350,16200,16800,7360,0
20120613,17050,18900,17000,17500,14850,0
20120614,17500,17900,17150,17550,3310,0
20120615,17550,18450,17550,18050,10990,0
20120618,18100,19450,18050,18950,9045,0
20120619,19200,19400,18000,18650,10541,0
20120620,18500,19000,18500,18850,1910,0
20120621,19800,19800,18300,18450,3060,0
20120622,18400,18950,17500,17800,8280,0
20120625,17650,17800,17250,17600,3760,0
20120626,18000,19200,17600,18200,5677,0
20120627,18600,18600,17800,17950,2070,0
20120628,17950,18600,17800,18300,2780,0
20120629,18000,18600,18000,18600,2360,0
20120702,18300,19300,18300,18800,2040,0
20120703,18800,19000,18350,18900,1310,0
20120704,19300,19300,18550,18950,1510,0
20120705,19000,19400,18500,19150,650,0
20120706,19300,19450,18450,19100,2500,0
20120709,18750,19900,18750,19800,3920,0
20120710,19850,19850,19250,19650,1267,0
20120711,19700,19700,18000,18400,7470,0
20120712,18350,18700,17750,18200,4907,0
20120713,18150,19850,17150,19250,7870,0
20120716,19500,19500,18900,19150,1500,0
20120717,17900,19250,17900,19050,1950,0
20120718,18700,18800,17200,17350,6300,0
20120719,17850,17850,16300,16450,8210,0
20120720,16450,16900,15600,15850,6580,0
20120723,15850,16300,15050,15650,16300,0
20120724,15100,16200,15100,15500,6990,0
20120725,15500,16800,15500,16000,1700,0
20120726,16150,16450,16050,16100,2981,0
20120727,16200,17500,16200,16900,1820,-10
20120730,16900,16900,16300,16800,4680,0
20120731,16350,17100,16350,16800,3190,0
20120801,16750,17200,16750,17000,4532,0
20120802,17450,17450,16300,17000,2000,0
20120803,16500,17850,16500,17300,879,0
20120806,16400,17150,16400,17150,2660,0
20120807,16750,17350,16750,17150,830,0
20120808,17150,17850,17150,17600,770,0
20120809,16900,17700,16900,17400,2010,0
20120810,16700,17800,16700,17000,1920,0
20120813,17150,17400,16700,17300,3380,0
20120814,16800,17900,16800,17400,810,0
20120816,17250,17850,17250,17850,130,0
20120817,17850,17850,17000,17100,4790,0
20120820,17800,17800,17800,17800,20,0
20120821,17400,17800,17000,17300,5540,0
20120822,16850,17650,16850,17650,700,0
20120823,17000,17350,17000,17200,1120,0
20120824,16800,17250,16800,17200,590,0
20120827,17800,17800,16850,17300,470,0
20120828,17400,17400,17000,17200,1190,0
20120829,17200,17300,16700,16800,2750,0
20120830,16100,17900,16100,16600,1650,0
20120831,17750,17750,16200,16500,1820,0
20120903,17000,17000,16350,16650,990,0
20120904,16800,16800,16100,16650,150,0
20120905,16700,17100,16300,16700,440,0
20120906,16350,16850,16300,16700,1540,0
20120907,16150,17200,16150,16900,2650,0
20120910,16400,16850,16400,16650,1060,0
20120911,16350,16850,16300,16350,780,0
20120912,16250,17550,16200,16550,2283,0
20120913,16550,17100,16550,16700,2710,0
20120914,16600,17200,16600,16900,610,0
20120917,16950,17450,16800,17000,270,0
20120918,16500,18700,16100,17400,1620,0
20120919,17150,17150,16700,16800,2110,0
20120920,16700,17200,16650,17150,1940,0
20120921,16750,17500,16400,16600,3460,0
20120924,16600,16900,16350,16700,1790,0
20120925,16400,16600,15600,16200,3600,0
20120926,16000,16600,15950,16600,1910,0
20120927,15700,16500,15700,16250,850,0
20120928,16050,16050,15500,15800,1880,0
20121002,15850,16050,15400,15400,380,0
20121004,15350,16500,15350,16350,1190,0
20121005,16300,16350,15850,16350,130,0
20121008,16350,16500,15950,16400,460,0
20121009,16400,16400,15250,15700,2260,0
20121010,15800,15800,15750,15750,120,0
20121011,15100,15900,15100,15750,270,-10
20121012,15350,15650,15350,15650,70,0
20121015,15400,15900,15400,15850,1520,0
20121016,15900,15900,15200,15750,660,0
20121017,15900,16250,15500,15700,310,0
20121018,15400,16200,15350,15650,750,-10
20121019,15250,15800,14550,15800,1400,0
20121022,15600,15800,15050,15600,4900,0
20121023,15450,15750,14650,15700,4261,0
20121024,15400,15700,15200,15450,1430,0
20121025,15400,15400,13800,14300,10480,0
20121026,14750,14900,14350,14350,240,0
20121029,14300,14500,14300,14500,80,-10
20121030,14600,14900,14000,14900,180,0
20121031,14900,15400,13150,13600,11832,0
20121101,13650,14300,13650,13700,764,0
20121102,14100,14400,13500,14400,1856,0
20121105,14350,15950,14050,15950,720,0
20121106,14250,15950,13700,13700,10272,0
20121107,13900,14100,13500,14000,1657,0
20121108,13900,14200,13700,13700,1103,0
20121109,13700,14900,13700,13700,610,0
20121112,13250,14950,13250,14950,650,0
20121113,14050,15200,13450,15200,7660,0
20121114,14200,14200,13800,13850,3380,0
20121115,13850,13850,12150,13300,7084,0
20121116,13150,14400,13150,14400,846,0
20121119,14500,15600,14100,15150,6060,0
20121120,14800,15600,14000,14000,2310,0
20121121,14150,14650,13750,14050,470,0
20121122,14050,14450,14050,14450,100,0
20121123,14250,14500,14250,14500,50,0
20121126,13900,14400,13900,14400,20,0
20121127,14450,14900,14450,14900,50,0
20121128,13500,14700,13350,14000,6220,0
20121129,14050,14400,13700,14400,930,0
20121130,14500,14950,13250,13250,2300,0
20121203,13300,13800,13300,13700,4860,0
20121204,13250,13500,13100,13500,1530,0
20121205,13200,13200,12500,12900,4790,0
20121206,12900,12950,12300,12400,2746,0
20121207,12400,13000,12400,12650,80,0
20121210,12600,12900,12600,12900,30,0
20121211,12900,12900,12900,12900,10,0
20121212,12500,13000,12500,12900,870,0
20121213,12900,12900,12600,12900,310,0
20121214,12800,12900,12350,12650,730,0
20121217,12650,13250,12400,13200,720,0
20121218,12800,13000,12250,12300,2120,0
20121220,12300,12500,12300,12400,500,0
20121221,12450,12600,12400,12600,200,0
20121224,12450,12450,12450,12450,60,0
20121226,13000,13000,12400,12700,800,0
20121227,12600,12650,12250,12450,140,0
20121228,12100,12950,12100,12950,310,0
20130102,13000,13000,13000,13000,100,0
20130103,12850,13300,12850,13300,230,0
20130104,12900,12900,12500,12700,2220,0
20130107,12750,13500,12750,12950,1750,0
20130108,12950,14000,12950,14000,1170,0
20130109,14000,14650,13800,14550,220,0
20130110,14400,14900,13250,14300,690,0
20130111,14300,14450,13600,13650,2200,0
20130114,13550,15450,13550,14600,1080,0
20130115,14350,15350,14000,15350,3840,0
20130116,15100,15100,14600,14600,76,0
20130117,14600,15100,14300,14850,3400,0
20130118,14900,15250,14650,14850,1540,0
20130121,14850,16000,14850,15150,250,0
20130122,14850,15600,14700,15000,140,0
20130123,16450,16450,15350,15350,2610,0
20130124,15350,16450,15350,15350,2710,0
20130125,15350,15750,14600,15350,2320,0
20130128,15250,15400,15000,15400,490,0
20130129,15400,15400,15100,15400,490,0
20130130,15900,16200,15400,15800,5340,0
20130131,15800,17000,15800,16850,5010,0
20130201,16850,16850,15000,15900,6220,0
20130204,15900,16500,15600,16400,5060,0
20130205,15400,16300,15400,16050,3840,0
20130206,16300,16300,16300,16300,10,0
20130207,15550,16600,15550,15600,1860,0
20130208,15550,16500,15550,15950,1590,0
20130212,15700,16200,15300,15800,1730,0
20130213,16000,16500,15700,16500,690,0
20130214,16500,16500,15750,15750,1110,0
20130215,16050,16050,15200,15400,5050,0
20130218,15550,15850,15350,15850,6240,0
20130219,16000,16000,15650,15900,2270,0
20130220,15700,15750,15550,15600,1380,0
20130221,15650,16000,15550,15800,1570,0
20130222,15750,15850,15550,15800,490,0
20130225,15550,16200,15550,16200,180,0
20130226,15250,16500,15250,16350,1910,0
20130227,15950,16350,15950,16350,20,-10
20130228,16000,16600,15900,16350,110,0
20130304,15900,16250,15700,16200,270,0
20130305,15850,16700,15500,15600,1740,0
20130306,15800,15800,15400,15700,80,0
20130307,15600,15800,15300,15800,980,0
20130308,15850,16700,15200,15700,470,0
20130311,15400,15500,15000,15300,970,0
20130312,15300,15300,15050,15300,100,0
20130313,15000,15400,14000,15300,800,0
20130314,14700,15300,14700,15300,630,0
20130315,14800,15450,14800,15450,350,0
20130318,15300,15300,15300,15300,10,0
20130319,15400,15400,14350,14600,2120,0
20130320,14300,14300,13750,13850,2630,0
20130321,13950,14000,13300,13600,2240,0
20130322,13700,14800,13700,13950,2610,0
20130325,14250,14300,13900,14300,1271,0
20130326,14350,14800,13900,14600,1600,-10
20130327,14300,14700,14300,14700,350,0
20130328,14100,14700,14100,14700,510,0
20130329,14700,15200,14100,14250,1170,0
20130401,13900,14050,13600,13700,942,0
20130402,13850,13950,13650,13950,150,0
20130403,13550,14000,13550,14000,190,0
20130404,13350,13750,13300,13400,470,0
20130405,13450,13900,12500,12900,2211,-9
20130408,12950,13050,11050,11400,11290,0
20130409,11550,11600,11300,11450,1090,0
20130410,11500,12200,11500,11650,631,0
20130411,11950,12600,11800,12000,1321,0
20130412,12100,12200,11000,12200,4570,0
20130415,12100,12300,12000,12300,591,0
20130416,12300,12350,12000,12150,248,0
20130417,12050,12150,11850,11850,370,0
20130418,12150,12450,11750,12400,2290,0
20130419,12350,12450,12000,12450,150,0
20130422,11750,12300,11750,12300,660,0
20130423,11900,12300,11200,12150,45900,0
20130424,12400,12400,11850,12100,3490,0
20130425,11600,12100,11600,12100,2350,0
20130426,12100,12700,12050,12700,10151,0
20130429,12650,12900,12150,12750,3841,0
20130430,12500,13200,12500,13000,1770,0
20130502,13300,13700,12900,13050,7630,0
20130503,13150,13600,13150,13350,2480,0
20130506,13550,14500,13500,13950,9260,0
20130507,14200,14200,13450,14050,11000,0
20130508,13850,14500,13800,14450,3020,0
20130509,14200,14450,14000,14400,3320,0
20130510,14400,14400,13850,14250,1903,0
20130513,14250,14350,13800,13950,1990,0
20130514,13900,14250,13750,13800,4740,0
20130515,13900,14250,13600,13950,7921,0
20130516,13850,14150,13800,13950,1689,0
20130520,14000,14200,13500,14000,2627,0
20130521,13900,14000,13550,13800,4020,0
20130522,13750,13750,13600,13650,1010,0
20130523,13500,13650,13300,13550,2330,0
20130524,13550,14200,13350,14000,3620,0
20130527,14050,15000,13800,14200,3600,0
20130528,14050,14400,13800,14400,2820,0
20130529,14350,15100,14250,15000,2090,0
20130530,14700,15150,14300,15150,4130,-10
20130531,15100,15100,14200,14850,4930,0
20130603,14850,15000,14300,14650,1160,0
20130604,14500,14750,14300,14650,2430,0
20130605,14650,14650,14250,14450,1520,0
20130607,14750,15400,13900,14300,1050,0
20130610,14450,15350,14000,15000,3940,0
20130611,14650,15000,14300,14500,790,0
20130612,14450,14800,14450,14700,230,0
20130613,14450,14600,13500,13850,8170,1090
20130614,13950,14000,13500,13850,170,0
20130617,13850,13850,13150,13300,3020,0
20130618,13400,13700,13050,13300,1120,0
20130619,13350,13700,13150,13600,1260,0
20130620,13150,13500,12300,13500,3050,0
20130621,13400,13500,12250,13500,710,0
20130624,13500,13500,12900,13200,1166,-3
20130625,13250,13250,11750,12600,2600,0
20130626,12650,12950,12350,12950,590,0
20130627,13000,13000,12500,12850,220,0
20130628,12600,12900,12600,12900,5410,0
20130701,12950,12950,12600,12750,2120,0
20130702,12850,13350,12700,13350,1670,0
20130703,13400,13650,12900,13200,2990,0
20130704,13150,13300,12600,13000,1000,0
20130705,12800,13300,12750,13100,350,0
20130708,12750,13300,12500,12900,763,0
20130709,13000,13400,12350,12950,2030,0
20130710,12850,13450,12750,12900,490,0
20130711,13000,13000,12550,12900,2000,0
20130712,13000,13400,12900,13300,1030,0
20130715,13300,13400,13000,13200,4640,0
20130716,13300,13850,13000,13200,2770,0
20130717,12900,13600,12900,13300,90,0
20130718,13050,13400,12800,12800,3140,0
20130719,12750,13500,12650,13400,2930,0
20130722,13500,13500,13000,13000,730,0
20130723,13100,13350,12900,13300,420,0
20130724,13000,13500,12850,13000,2248,0
20130725,12950,13200,12950,13200,180,-10
20130726,13200,13200,12750,12900,2332,0
20130729,12950,13000,12600,12650,1562,0
20130730,12800,13450,12650,13250,1250,0
20130731,13250,13250,12550,12950,3640,530
20130801,12950,12950,12500,12900,440,0
20130802,12950,13000,12700,12850,300,0
20130805,12750,12900,12700,12900,110,0
20130806,12900,13300,12600,13050,2150,0
20130807,13000,13050,12600,12750,1040,0
20130808,12700,12900,12650,12900,100,-10
20130809,12900,12900,12600,12900,340,0
20130812,12950,12950,12700,12900,480,0
20130813,13000,13000,12750,13000,890,0
20130814,12800,13000,12800,12950,270,0
20130816,12900,13100,12750,12900,4180,0
20130819,12900,13000,12800,13000,520,0
20130820,13000,13000,12650,12700,1870,0
20130821,12600,12850,12300,12600,1980,0
20130822,12500,12700,12300,12700,1360,0
20130823,12700,12850,12500,12850,310,0
20130826,12900,12900,12500,12650,500,0
20130827,12550,12650,12500,12650,70,0
20130828,11800,12700,11800,12650,400,0
20130829,12650,13700,12300,13550,933,0
20130830,13600,13600,13050,13500,3177,0
20130902,13450,13750,13400,13750,2520,0
20130903,13750,14000,13650,14000,1170,0
20130904,13700,14350,13650,14300,3302,0
20130905,14450,14600,14150,14200,2330,0
20130906,14200,14500,14150,14200,480,0
20130909,14400,14550,14000,14500,3712,-1620
20130910,14500,14700,14400,14500,340,0
20130911,14300,14550,14250,14450,390,0
20130912,14450,14450,13950,14200,1280,0
20130913,14400,14400,14250,14250,510,0
20130916,14250,14250,14000,14250,297,-7
20130917,14250,14300,14250,14300,20,0
20130923,14300,14300,14000,14250,640,0
20130924,14150,14200,13900,14200,730,0
20130925,13850,14050,13800,14000,1660,0
20130926,14100,14100,13700,13900,970,0
20130927,14100,14150,13850,13900,1020,0
20130930,13900,14150,13900,14150,680,0
20131001,13900,14200,13900,14100,240,0
20131002,14100,14100,13800,14100,460,0
20131004,13750,14050,13000,14050,2860,0
20131007,14050,14050,13850,14000,80,0
20131008,13600,14000,13400,14000,870,0
20131010,13950,14000,13400,14000,770,0
20131011,14000,14000,13500,13600,990,0
20131014,14050,14050,13500,13850,560,0
20131015,13600,13950,13600,13950,1020,-10
20131016,14000,14000,13700,13900,200,0
20131017,13650,13800,13550,13800,1070,0
20131018,13600,13800,13550,13800,870,0
20131021,13800,14000,13800,14000,700,0
20131022,13900,14000,13600,14000,980,0
20131023,13700,14000,13700,14000,870,0
20131024,13900,14000,13900,14000,110,0
20131025,14000,14900,14000,14900,1905,-10
20131028,14750,15100,14700,15100,3110,0
20131029,14650,14950,14650,14950,25,0
20131030,14550,14950,14400,14850,880,0
20131031,14600,14900,14600,14900,380,0
20131101,14550,14900,14550,14900,440,0
20131104,14850,14850,14200,14350,2430,0
20131105,14700,15200,14650,14650,1990,0
20131106,15050,16700,15000,16100,24870,0
20131107,15750,15800,14500,15800,5880,0
20131108,15350,15950,14700,15600,2800,0
20131111,14800,15450,13400,14900,10253,0
20131112,14550,14850,14400,14800,460,0
20131113,14200,14600,14200,14600,220,0
20131114,14150,15700,14100,15000,1623,0
20131115,15000,15150,15000,15150,370,0
20131118,15200,15200,15200,15200,50,0
20131119,15100,15150,14700,15150,290,0
20131120,14900,15100,14700,15050,1130,0
20131121,15050,15050,14600,14850,160,0
20131122,14700,14950,14600,14850,130,0
20131125,14550,14600,14300,14600,1270,0
20131126,14650,14700,14550,14700,220,0
20131127,14550,15000,14350,15000,800,-3
20131128,14850,16500,14850,15050,300,0
20131129,15000,15150,14300,14950,9210,0
20131202,14850,15450,14850,15100,7290,0
20131203,15300,15500,14950,15200,1000,0
20131204,15000,15250,14300,14850,4530,900
20131205,14600,14850,14350,14850,1890,200
20131206,14800,15000,14800,15000,1090,0
20131209,15000,15000,14800,14950,250,0
20131210,14900,14900,14750,14900,180,0
20131211,15000,15000,14750,14950,1880,810
20131212,14900,14900,14350,14750,1360,280
20131213,14850,14850,14000,14400,3280,30
20131216,14050,14300,14050,14200,290,0
20131217,14350,14400,14150,14300,950,-10
20131218,14300,14300,14300,14300,233,0
20131219,14600,14600,14050,14400,150,0
20131220,14050,14050,14050,14050,150,0
20131223,14250,14250,14050,14150,24330,0
20131224,14100,14700,14100,14600,1650,-180
20131226,14300,14550,14100,14450,390,0
20131227,14050,14400,14050,14400,40,-30
20131230,14150,14150,14150,14150,10,-10
20140102,14150,14150,13700,14050,660,0
20140103,13850,13850,13750,13850,94,-60
20140106,13850,14200,13850,14200,510,-360
20140107,14100,14100,13800,14100,30,-20
20140108,14300,14450,13850,14450,500,-440
20140109,13900,14400,13900,14250,630,0
20140110,14450,14700,13900,14300,2110,0
20140113,14150,14600,14150,14350,120,0
20140114,14550,14550,14150,14250,50,0
20140115,14150,14300,14000,14250,430,0
20140116,14000,14200,13750,14200,590,0
20140117,14200,14200,14200,14200,10,0
20140120,13950,14150,13900,14100,150,0
20140121,14000,14000,13100,13650,3880,0
20140122,13450,13900,13450,13900,726,0
20140123,13600,13900,13600,13900,180,0
20140124,13900,13900,13350,13800,1490,0
20140127,13300,13700,13150,13700,710,0
20140128,13450,13700,13350,13700,120,0
20140129,13600,13600,13350,13550,180,0
20140203,13600,13600,13350,13400,90,30
20140204,13300,13400,13000,13100,3220,0
20140205,13350,13350,13350,13350,40,0
20140206,13300,13350,13050,13300,510,0
20140207,13350,13350,13000,13300,430,0
20140210,13300,13800,13300,13750,2840,-10
20140211,13750,13750,13450,13750,100,0
20140212,13650,13700,13350,13400,2520,0
20140213,13450,13550,13350,13550,1370,0
20140214,13750,13900,13550,13900,340,0
20140217,13700,13900,13550,13800,3250,0
20140218,13700,13850,13700,13850,230,0
20140219,13900,14000,13650,13950,100,0
20140220,14050,14400,14050,14400,580,0
20140221,14450,14600,13900,14450,1500,0
20140224,14400,14400,14100,14350,240,0
20140225,14000,14350,14000,14300,280,0
20140226,14400,14400,14050,14300,1338,0
20140227,14000,14100,13850,14100,1378,0
20140228,13900,14100,13900,14100,70,0
20140303,14100,14250,13700,14200,2577,210
20140304,14150,14150,14000,14150,970,60
20140305,14150,15000,13950,15000,960,0
20140306,14900,14900,14500,14650,1820,0
20140307,15700,16250,15100,15300,18950,0
20140310,16050,17500,15800,16750,44926,-20
20140311,16500,17100,16200,17000,10310,0
20140312,17350,17350,16300,16500,5600,-20
20140313,16500,16500,15800,15800,4060,0
20140314,15750,17100,15750,16700,2650,0
20140317,16000,16600,15750,16200,4630,0
20140318,16200,16450,15800,16400,2670,0
20140319,16200,16300,15950,16300,1160,0
20140320,16000,16300,15700,16300,2156,0
20140321,16000,16400,16000,16300,3110,0
20140324,16250,16400,16100,16200,1640,0
20140325,16300,16300,16150,16300,220,0
20140326,16400,16400,15950,16150,3780,0
20140327,15750,16050,15300,15500,9999,0
20140328,15500,15700,15500,15600,3232,0
20140331,15600,16200,15600,15900,550,0
20140401,15900,16600,15800,15900,1280,0
20140402,15900,16300,15900,15900,3052,-1
20140403,16050,17000,16000,16750,7933,1360
20140404,17000,17200,16750,17000,2113,200
20140407,17000,17000,16650,16900,1311,-100
20140408,16800,16900,16600,16850,2080,0
20140409,16900,16950,16750,16900,1060,700
20140410,16900,16900,16650,16800,2410,0
20140411,16600,16750,16550,16600,550,0
20140414,16550,16800,16550,16750,1600,0
20140415,16750,16850,16550,16750,4660,0
20140416,16700,18950,16550,18350,23180,300
20140417,17800,18400,17800,18400,1510,0
20140418,18400,18950,18100,18400,2590,0
20140421,19000,19000,18100,18450,1510,0
20140422,18450,18800,17850,18350,2510,0
20140423,18850,18850,18250,18400,640,0
20140424,18400,18400,17750,18100,7420,0
20140425,17800,18900,17600,18200,3110,0
20140428,18000,20000,18000,19450,20270,0
20140429,19450,19900,18800,19500,4910,0
20140430,19350,19850,19350,19750,1270,0
20140502,19750,20000,19450,19450,2590,0
20140507,19500,19900,19000,19400,3960,-1370
20140508,20300,20300,19400,19900,1770,0
20140509,20400,20400,19550,19950,1350,-10
20140512,20000,20000,18000,19850,3740,100
20140513,19800,20000,19300,20000,2684,0
20140514,19900,19950,19450,19900,2216,0
20140515,19900,20200,19800,20050,6030,450
20140516,19850,20700,19200,20250,5122,0
20140519,20250,20900,20000,20650,2308,0
20140520,20700,20700,19800,20100,9540,0
20140521,19850,20700,19850,20400,1680,50
20140522,20500,20500,19750,20300,1390,0
20140523,20100,20350,19850,20300,3380,0
20140526,20400,20400,19950,20200,632,0
20140527,20300,21800,20300,21400,9761,10
20140528,21650,21900,21100,21900,9860,0
20140529,21950,21950,21000,21350,2147,0
20140530,21150,21900,20800,21900,6750,-100
20140602,21650,21700,19900,19900,9297,-43
20140603,19900,20300,18900,19150,6610,-46
20140605,18700,19700,18250,19500,6002,0
20140609,20000,20000,18750,19500,1518,0
20140610,18700,19500,18700,19000,4444,150
20140611,18650,19700,18650,19200,3214,-42
20140612,19000,19500,18900,19050,2062,0
20140613,18850,19500,18750,19500,3929,-7
20140616,19100,19800,19000,19000,2341,341
20140617,19000,19500,18900,19150,3121,102
20140618,19150,19650,18900,19000,2584,0
20140619,19100,19500,18850,19250,798,370
20140620,19550,19800,19250,19450,1072,175
20140623,19700,19700,19100,19300,719,0
20140624,18700,19500,18700,19050,1759,0
20140625,18800,19500,18600,19000,1029,0
20140626,19000,19000,18850,19000,487,0
20140627,18950,19000,18650,19000,602,0
20140630,19000,19500,18800,19000,777,0
20140701,19000,19000,18300,18650,7974,0
20140702,18650,18900,18550,18800,2131,30
20140703,18800,19150,18550,19150,2188,0
20140704,19350,19700,18850,19250,1077,87
20140707,19500,19500,19000,19300,302,0
20140708,19050,19350,18500,19250,3361,0
20140709,19000,19600,19000,19300,4448,0
20140710,19700,19700,19300,19600,2418,100
20140711,19600,20000,19400,19950,2027,0
20140714,20100,21000,19900,21000,4339,0
20140715,21800,21800,20600,20800,2642,0
20140716,21150,21150,19450,20500,1920,0
20140717,21000,21000,20150,20500,41,0
20140718,20500,20900,20150,20700,204,0
20140721,20700,20700,20300,20700,1715,0
20140722,20700,20700,20100,20650,6229,0
20140723,20950,20950,20200,20450,2641,0
20140724,20350,20350,19400,19400,4103,0
20140725,19350,19850,18900,19500,1630,0
20140728,19300,19300,18500,18850,4144,-15
20140729,18550,19100,18550,18950,1117,0
20140730,18500,19150,18500,19150,1145,0
20140731,19100,19450,18600,19200,1070,0
20140801,19000,19150,18600,19050,1174,0
20140804,19050,19600,19050,19450,810,0
20140805,19500,19850,19250,19700,1288,0
20140806,19750,19800,19250,19650,1092,0
20140807,19650,19650,19150,19300,296,0
20140808,19300,19300,18850,19200,414,0
20140811,19000,19700,19000,19200,107,0
20140812,19100,19400,18750,19300,647,0
20140813,19050,19400,19000,19400,525,0
20140814,19550,20300,19050,20150,1296,0
20140818,20500,20500,20000,20250,390,0
20140819,20250,20400,20000,20350,1057,0
20140820,20400,20400,20000,20100,1034,0
20140821,20450,20450,19750,20100,367,-78
20140822,20700,20700,19900,20350,626,0
20140825,20050,20650,20050,20550,1981,0
20140826,20900,20900,20300,20650,1130,0
20140827,20650,20650,20100,20600,1485,0
20140828,20300,20650,20000,20000,1296,0
20140829,20550,20550,19600,19800,1428,0
20140901,20600,20650,19900,20450,2040,0
20140902,20450,20450,20150,20350,488,-9
20140903,20400,20500,20000,20050,2208,0
20140904,19850,20250,19850,20200,1172,0
20140905,20400,20400,19450,19800,2490,-900
20140911,19700,19900,19100,19200,5998,0
20140912,19200,19600,19000,19200,1657,0
20140915,19550,19600,19150,19400,206,0
20140916,19350,19800,19350,19800,1082,0
20140917,19750,19900,19700,19800,445,0
20140918,19700,19900,19600,19800,1884,-353
20140919,19650,20050,19650,20050,647,-220
20140922,20150,20350,19950,20000,188,0
20140923,19950,19950,19500,19500,1480,-820
20140924,19500,19650,19000,19300,1838,-387
20140925,19200,19400,19000,19400,1602,0
20140926,19350,19450,19250,19400,325,0
20140929,19400,19400,19150,19250,441,0
20140930,19200,19250,18800,19100,881,0
20141001,19000,19100,18500,18850,1660,-110
20141002,18800,18900,18600,18900,524,0
20141006,18900,19100,18700,18750,1364,0
20141007,18850,19000,18550,18750,402,0
20141008,18700,18900,18000,18750,2153,-2
20141010,18750,18750,18500,18700,239,-100
20141013,18700,19000,18700,19000,186,0
20141014,18750,19000,18500,19000,158,0
20141015,19000,19050,18950,19000,116,0
20141016,19000,19000,18350,18950,185,-13
20141017,18850,18950,18500,18950,496,-196
20141020,18950,18950,18450,18950,353,184
20141021,19350,19350,18300,18800,381,0
20141022,19350,19350,18200,18550,2015,0
20141023,18550,18900,18300,18850,482,0
20141024,19350,19350,18650,19100,512,0
20141027,19350,19350,19250,19250,138,0
20141028,19400,19400,19200,19200,462,0
20141029,19200,19200,19150,19150,91,0
20141030,18650,19050,18600,19050,255,0
20141031,19100,19100,19100,19100,202,0
20141103,19100,19100,18650,18900,650,-151
20141104,19100,19100,18150,18800,449,0
20141105,18800,18800,18400,18750,344,0
20141106,18900,18900,18500,18850,40,0
20141107,18600,18600,18050,18450,1610,300
20141110,18450,18750,17700,18300,1634,40
20141111,18250,18350,18100,18250,2607,220
20141112,18350,18350,17900,18150,1314,0
20141113,17950,18150,17800,18100,538,0
20141114,18000,18200,17750,18000,1638,0
20141117,18150,18150,17750,17750,284,-84
20141118,17650,17950,17650,17950,402,-204
20141119,17950,17950,17700,17900,459,0
20141120,18100,18100,17650,17900,441,0
20141121,17800,17950,17700,17900,1110,0
20141124,18150,18350,17950,18250,532,30
20141125,18000,18250,17750,18050,741,173
20141126,18100,18100,17900,18100,820,0
20141127,17850,18300,17850,18250,526,0
20141128,18000,18550,18000,18350,18108,100
20141201,18550,18750,18000,18300,2158,0
20141202,18050,18050,17700,18000,1368,188
20141203,18000,18000,17750,17950,346,0
20141204,18000,18100,17500,17950,951,21
20141205,17950,18000,17750,18000,895,181
20141208,18000,18350,17950,18300,360,100
20141209,18300,18400,18050,18400,738,0
20141210,18400,18550,18000,18450,631,-1
20141211,18050,18400,18000,18400,869,0
20141212,18500,18500,17950,18300,212,0
20141215,18050,18300,17800,18100,347,-1
20141216,18300,18300,17750,17750,2507,-400
20141217,17750,17900,17500,17750,815,-1
20141218,17950,18000,17500,17550,334,0
20141219,17900,17900,17250,17650,522,0
20141222,17400,17650,17400,17600,554,0
20141223,17400,17700,17200,17550,392,108
20141224,17500,17700,17100,17700,2494,0
20141226,17700,17950,17450,17950,436,-2
20141229,17750,17950,17650,17800,164,-72
20141230,17800,17800,17400,17750,91,0
20150102,17450,18000,17450,18000,618,422
20150105,17700,18000,17700,18000,329,0
20150106,18000,18000,18000,18000,20,0
20150107,18000,18350,17950,18000,1388,0
20150108,17950,18100,17850,18000,653,0
20150109,18000,18300,18000,18200,698,0
20150112,18200,18350,18000,18150,1324,0
20150113,18350,18350,17950,18050,1353,0
20150114,18050,18250,18000,18200,800,0
20150115,18100,18300,18100,18300,1230,0
20150116,18100,18200,18000,18100,945,0
20150119,18200,18200,18000,18200,1200,-1
20150120,18300,18300,18000,18150,1050,0
20150121,18150,18300,17800,18100,1718,0
20150122,18100,18100,17900,17900,1011,0
20150123,18300,18450,17900,18100,1262,0
20150126,18100,18350,17800,18000,1778,0
20150127,17950,18450,17950,18350,1868,0
20150128,18550,19450,18350,19350,16281,200
20150129,19400,19550,18650,18650,4779,0
20150130,19600,19600,18400,18850,1290,0
20150202,18850,19200,18550,18650,3256,311
20150203,18950,18950,18000,18750,1712,0
20150204,18500,18950,18500,18650,1207,396
20150205,18700,18950,18650,18800,1188,498
20150206,18900,19150,18900,19150,1472,405
20150209,19300,19300,18800,19200,1401,0
20150210,19200,19200,19050,19100,392,329
20150211,19250,19250,19000,19250,578,0
20150212,19300,21150,19150,20700,13814,-1030
20150213,21350,21400,19850,20750,3588,0
20150216,20750,22300,20500,22000,14255,309
20150217,22300,24900,21800,24200,23381,-197
20150223,23700,23750,22000,22500,10073,0
20150224,22500,24900,22500,24200,11836,0
20150225,23800,25500,23450,24000,7342,0
20150226,23050,24150,22550,22650,3918,0
20150227,22250,23750,22200,23000,2000,-570
20150302,22700,22900,22000,22600,2541,0
20150303,22800,22900,22200,22450,2031,0
20150304,22650,23150,21950,23150,4106,0
20150305,23150,23600,23000,23100,2057,0
20150306,22450,22700,21800,22100,7798,-418
20150309,22100,22350,21400,21650,1267,171
20150310,22000,22000,20700,21750,1536,64
20150311,23200,23400,20700,21800,5055,35
20150312,21400,22000,21200,21900,2535,89
20150313,21900,22150,20500,21800,1409,96
20150316,21800,22000,21400,21800,1158,652
20150317,22000,22400,21900,22100,3556,1733
20150318,22150,22200,21450,21900,1933,873
20150319,21900,22300,21550,22200,1270,499
20150320,21850,22350,21700,22300,2820,824
20150323,22300,22300,21500,22150,2533,0
20150324,22150,22250,21750,22250,3713,845
20150325,22700,23300,22200,23000,3240,0
20150326,22900,23300,22300,23200,3006,-206
20150327,24100,26650,23650,26650,38423,-1026
20150330,29900,30600,26650,27100,147922,168
20150331,26700,27100,25250,25850,42413,0
20150401,26300,28450,25950,27200,31960,-100
20150402,27200,27200,25450,26300,13323,0
20150403,25750,26200,24600,25450,18159,0
20150406,25400,25400,24800,25200,7528,-2
20150407,25200,25950,24350,25150,9151,-48
20150408,24850,25400,24400,24550,6715,0
20150409,24550,24700,23950,24200,9280,0
20150410,24500,26000,24200,25000,14565,0
20150413,25450,25450,24200,24700,7563,0
20150414,24800,25050,23550,23900,13162,-16
20150415,23900,25300,23850,24800,9858,0
20150416,24800,25200,24400,24550,3573,0
20150417,24800,24950,24500,24950,3676,0
20150420,25800,26000,24900,25100,9033,0
20150421,25150,25700,24050,24400,8282,0
20150422,24400,24650,22700,23200,9595,0
20150423,23250,24000,22900,23200,7074,0
20150424,23250,23650,22900,23400,2524,0
20150427,23100,23800,23050,23650,2164,0
20150428,23950,24750,23200,24050,6730,16
20150429,24300,24500,23850,24450,3519,-32
20150430,24300,24800,23550,24250,2490,0
20150504,24500,24900,23700,24850,4849,0
20150506,25000,25000,24050,24250,5026,0
20150507,24550,24550,23100,24000,5501,0
20150508,24000,24950,24000,24900,2734,0
20150511,24950,24950,24050,24400,6819,0
20150512,24400,24550,24050,24200,2023,0
20150513,24400,25700,24200,25550,14882,30
20150514,25500,27750,25050,26950,25965,-30
20150515,27350,27600,26000,26200,7492,0
20150518,26200,26300,25350,25850,7660,-12
20150519,25850,26100,25000,25350,7429,0
20150520,25600,26450,25000,25750,6805,0
20150521,26100,26100,24800,24850,4510,0
20150522,25300,26800,24900,26000,9971,0
20150526,26150,26350,25250,25700,5117,0
20150527,25700,25700,24300,24750,6925,0
20150528,24750,25200,24200,24700,3809,0
20150529,24550,25600,24400,25350,5318,33
20150601,25350,25600,24700,25150,1504,-1
20150602,25800,25800,23800,24150,5688,-4
20150603,23700,24650,22500,24200,2399,2
20150604,23100,24200,23100,23800,2365,2
20150605,23800,24000,22950,23500,4623,11
20150608,23150,24500,23150,24500,1334,1
20150609,24500,25500,24350,24800,2520,-44
20150610,24800,25200,24600,25000,3252,0
20150611,25000,25950,25000,25600,1893,0
20150612,25750,26500,25600,26000,5693,1
20150615,25800,26500,25500,25500,382,0
20150616,26000,26000,24200,25300,2778,0
20150617,25300,26000,24700,25250,2206,0
20150618,25000,25200,24100,24550,4518,-21
20150619,24600,25100,24200,25000,2458,0
20150622,24650,26100,24650,26100,5467,0
20150623,26500,32000,26300,32000,69582,0
20150624,35000,35000,29200,29200,102821,0
20150625,29150,29550,27200,28700,21412,0
20150626,29500,29500,27800,28600,9837,0
20150629,28500,28500,27300,27600,7143,100
20150630,27700,28400,27450,28400,3848,0
20150701,28900,28900,28000,28500,3684,42
20150702,28700,28800,27500,28050,6178,0
20150703,28200,28200,27450,27500,2675,0
20150706,27900,27900,26400,27250,2983,0
20150707,27200,28550,26650,27650,2709,0
20150708,27950,28350,26500,26750,2547,-2
20150709,26750,26750,24900,26500,5412,0
20150710,27100,27100,26000,26900,755,0
20150713,26150,27250,26150,27050,1015,0
20150714,27450,27550,26950,27550,3696,32
20150715,27500,27650,26950,27500,3144,-37
20150716,28050,29000,27750,28000,7618,-26
20150717,28000,28800,27000,27650,5004,-50
20150720,27650,29850,27200,29000,10122,0
20150721,29900,30700,29200,29750,12916,-100
20150722,29500,29750,27900,28450,10591,0
20150723,28700,28900,28250,28900,4085,0
20150724,28900,29400,28500,29150,3266,0
20150727,29550,29550,28300,28300,3321,0
20150728,28100,28100,26700,27450,3537,0
20150729,27450,28400,27050,27300,3129,-50
20150730,27700,27750,26500,27000,3478,0
20150731,26650,27200,26650,27000,692,0
20150803,27900,27900,26500,27300,716,0
20150804,27750,27750,26600,27300,2491,0
20150805,27800,27800,27050,27300,355,0
20150806,27650,27650,26500,26900,714,0
20150807,26900,27000,26150,26600,2542,0
20150810,26050,26850,26000,26850,1291,0
20150811,26550,27400,26300,26800,933,0
20150812,26800,26800,24350,25800,2594,0
20150813,25150,28100,25150,26850,1360,-44
20150817,26850,26900,25900,26850,537,0
20150818,27700,27800,26250,26600,1821,10
20150819,26850,26850,24600,25000,3186,68
20150820,24500,25750,24350,25000,2960,0
20150821,21250,24350,21200,23950,1528,0
20150824,23700,24400,22850,23300,6599,-276
20150825,22850,24250,22850,23950,4024,-42
20150826,23750,27700,23300,26500,10107,-20
20150827,25750,27100,25500,27100,2820,0
20150828,26900,27750,25400,25450,24979,8
20150831,25450,26150,25000,25750,2047,0
20150901,25800,25800,25100,25400,798,24
20150902,25400,26400,24300,26050,2945,0
20150903,26000,26100,25700,25950,954,0
20150904,26250,26250,24700,25300,3563,-20
20150907,26000,26000,24850,25400,649,0
20150908,25750,25750,24300,25150,831,4
20150909,25200,25400,24400,25250,1422,0
20150910,24650,25400,24600,25400,877,0
20150911,25500,25500,24300,25200,1953,0
20150914,24750,25400,24650,25350,76,0
20150915,25000,25200,24150,24850,945,0
20150916,24850,25600,24600,25550,1331,0
20150917,25550,25600,24500,25100,764,-11
20150918,25100,25100,24250,24650,1956,-48
20150921,24300,24600,23650,23650,3282,-9
20150922,24100,24100,23700,24000,1574,-93
20150923,24000,24400,23250,24000,1029,-54
20150924,24350,24350,23550,23950,684,0
20150925,23400,23950,23400,23950,744,0
20150930,23800,23800,23050,23500,998,0
20151001,23500,24850,23100,24200,1665,0
20151002,24100,24200,23650,23850,475,0
20151005,24750,24750,23850,24000,452,0
20151006,24550,25300,24350,25000,1347,-8
20151007,25150,25200,24350,24750,449,1
20151008,25200,25200,24150,24950,860,-69
20151012,24950,25100,24200,24600,687,10
20151013,24600,24650,23800,24050,1187,-9
20151014,24800,24800,23800,24300,625,-18
20151015,24500,24500,23850,24100,873,-21
20151016,24100,24100,23750,23800,281,-11
20151019,24250,26050,23900,26000,5518,0
20151020,26000,26600,25800,26600,4002,0
20151021,26700,26700,25550,26350,1338,0
20151022,26550,26550,25700,25950,316,0
20151023,26050,26100,25400,25500,536,-69
20151026,25750,25850,24900,25600,713,0
20151027,25750,25750,25000,25650,448,4
20151028,25700,26300,25150,26000,573,0
20151029,26200,26200,25350,25750,868,0
20151030,25750,25750,25200,25650,246,0
20151102,25150,25550,24750,24800,1025,-142
20151103,25200,25200,24600,25100,479,0
20151104,24600,25100,24600,24700,380,0
20151105,24700,25150,24500,24750,449,0
20151106,25600,25600,24650,24950,475,0
20151109,24650,24950,24500,24900,799,0
20151110,24700,24700,24000,24450,419,0
20151111,24150,24800,23850,24600,658,-2
20151112,24300,25050,24300,25050,78,0
20151113,24750,25100,24300,24900,116,0
20151116,24600,24650,24000,24100,1735,0
20151117,23900,24050,22750,23000,3368,0
20151118,23100,23100,22250,22300,2268,0
20151119,22350,22800,21800,22000,1867,-5
20151120,22700,22700,21750,22100,302,0
20151123,21800,22150,21300,21950,1407,0
20151124,21950,24200,21550,22000,1735,0
20151125,21800,22800,21800,22800,1232,0
20151126,23200,23200,22250,22450,610,0
20151127,22200,23200,22200,22250,1826,0
20151130,22850,22850,21950,22350,4,0
20151201,22400,24200,22350,23150,3359,0
20151202,23900,23900,23050,23500,519,0
20151203,23750,24400,22850,23750,760,0
20151204,23750,23750,22550,23150,775,0
20151207,23450,23450,22800,23350,652,0
20151208,22250,22900,22000,22000,1403,0
20151209,21450,22450,21450,22300,465,6
20151210,22150,22700,21650,22150,814,2
20151211,22400,22600,22400,22600,57,0
20151214,22550,22550,21000,21800,1555,0
20151215,21800,22100,21700,21900,45,0
20151216,21450,22300,21450,22000,329,0
20151217,22000,22000,21600,22000,261,0
20151218,22150,22150,22050,22100,13,0
20151221,22100,22250,21700,22250,108,0
20151222,22250,22250,21600,22000,517,0
20151223,21950,22300,21500,22000,468,0
20151224,22000,22250,20600,21100,3016,-196
20151228,20900,21450,20900,21400,375,0
20151229,21350,21350,20900,21050,481,-164
20151230,21050,21150,20700,21100,375,-162
20160104,20700,21300,20700,21150,413,0
20160105,20650,20850,20400,20700,1932,16
20160106,20600,20600,19800,19800,6216,1320
20160107,19800,20150,19200,19200,5927,1318
20160108,19200,19400,18800,19250,1395,506
20160111,19250,19550,19100,19500,1170,267
20160112,19500,19900,19400,19550,1270,645
20160113,19550,20350,19550,20300,727,254
20160114,20200,20300,19500,20050,1056,529
20160115,20200,20250,19750,20200,2738,681
20160118,20450,21400,20050,20700,2148,609
20160119,20850,21250,20450,21000,938,526
20160120,21400,21400,20200,20650,403,3
20160121,20650,20650,19950,20500,567,1
20160122,20600,21400,20500,21250,2280,587
20160125,21050,21200,20750,20750,255,-10
20160126,20500,21500,20050,21100,881,0
20160127,21500,21500,20250,20250,1029,0
20160128,20150,20650,19950,20250,256,0
20160129,20000,20300,19850,19850,421,0
20160201,20250,20250,19600,20100,413,0
20160202,20700,20700,20150,20400,1328,1017
20160203,19350,20400,19350,20050,981,-8
20160204,20250,20300,19850,19850,828,296
20160205,20450,20450,20100,20400,562,497
20160211,20000,20600,20000,20450,1807,712
20160212,20450,20600,20000,20500,586,1
20160215,20600,20600,20000,20500,386,-4
20160216,20600,20600,19900,20050,2095,0
20160217,20300,20300,20250,20300,143,130
20160218,20500,20500,20200,20350,43,-7
20160219,20350,20350,20100,20350,404,-3
20160222,20300,20450,20000,20450,115,0
20160223,20450,20500,20200,20500,943,0
20160224,20000,20650,20000,20600,232,-5
20160225,20550,20800,20300,20800,382,0
20160226,20750,20750,20150,20600,2425,0
20160229,20600,20600,20100,20500,292,0
20160302,20750,21550,20500,21150,1151,0
20160303,21150,21450,21000,21300,334,-3
20160304,21000,21200,20850,21200,2142,0
20160307,21000,21650,21000,21350,899,0
20160308,21100,21450,21000,21300,774,-18
20160309,21100,21350,20900,21200,866,-32
20160310,21300,21550,20950,21550,985,-107
20160311,21150,21550,20850,20950,2605,0
20160314,21000,21150,20550,20800,3819,0
20160315,20800,21200,20500,21100,1566,437
20160316,21050,21050,20450,20800,2189,0
20160317,20800,21000,20300,20800,6496,605
20160318,21150,21550,20950,21300,8750,566
20160321,21300,22700,21300,22150,12871,-12
20160322,22800,26450,22550,22550,94178,-29
20160323,22550,23050,21150,21650,17835,-234
20160324,21250,21950,20800,21000,11402,-72
20160325,21000,21850,20750,21700,4677,-97
20160328,21700,21850,21000,21300,8774,-22
20160329,21000,21950,20850,21800,16986,-11
20160330,21900,21900,21400,21700,947,-183
20160331,21600,21700,21050,21050,2642,-195
20160401,21200,21700,21100,21650,3997,-205
20160404,21400,22050,21250,21300,4132,75
20160405,21500,22800,21250,22600,9351,-1
20160406,22900,24950,22300,23250,22741,-104
20160407,22800,23200,22550,22600,5449,-67
20160408,22700,23050,22050,22050,4056,-228
20160411,22800,22800,22100,22550,1796,-30
20160412,22550,22900,22350,22450,1527,-55
20160414,22200,22600,21900,22200,2250,-127
20160415,22450,22450,22000,22150,3481,-125
20160418,22150,22550,22050,22200,2419,-311
20160419,22300,22600,22200,22400,1882,-7
20160420,22400,22800,22050,22400,2639,-75
20160421,22200,22500,22050,22500,1106,-245
20160422,22600,22600,22150,22500,960,-339
20160425,22500,22500,22100,22500,1734,-191
20160426,22500,22600,22100,22600,1719,-267
20160427,22500,22650,22400,22600,816,-4
20160428,22750,23100,22450,22700,1417,-28
20160429,22700,22700,22300,22600,793,-20
20160502,22950,22950,22100,22200,2308,-2
20160503,22100,22600,22100,22350,895,-9
20160504,22100,22350,21900,22200,1077,-82
20160509,22450,22450,21750,22150,1471,-1
20160510,21750,22100,21600,21950,1289,-26
20160511,21950,22250,21500,21600,1797,-18
20160512,21600,22100,21300,21600,1677,-215
20160513,21400,21700,21300,21500,1913,-208
20160516,21500,21500,21150,21150,1114,-90
20160517,21250,21500,20900,21250,1898,-1
20160518,21050,21300,20800,21000,968,10
20160519,20750,21100,20600,21000,1074,0
20160520,21200,21200,20500,20900,536,0
20160523,20900,21200,20700,21200,814,0
20160524,21350,22350,21250,21250,1745,-6
20160525,20750,21450,20700,21150,752,0
20160526,21200,22000,20800,21000,2600,1
20160527,21650,21650,20950,21300,1045,0
20160530,21600,21800,21250,21700,2123,105
20160531,21750,22000,21250,21900,1590,-7
20160601,22050,22050,21900,22000,502,0
20160602,22000,22200,21800,22000,1669,0
20160603,22000,22450,21850,22200,1006,2
20160607,22200,22600,21700,22150,3612,-10
20160608,22150,22400,21750,21900,4944,-4
20160609,23100,23800,22350,22800,16716,-21
20160610,22300,22800,22000,22400,1435,-31
20160613,22400,22400,21800,22300,388,6
20160614,22200,22200,21550,22200,2206,10
20160615,21600,22500,21600,21750,920,1
20160616,22300,22300,21650,21800,502,5
20160617,21750,22000,21650,21900,210,1
20160620,21750,22150,21400,22100,276,0
20160621,22050,22050,21400,21550,944,-16
20160622,21500,21800,21200,21750,595,0
20160623,21800,21800,21450,21600,130,0
20160624,21300,21550,20000,20500,5217,21
20160627,19450,20900,19450,20900,1079,3
20160628,19850,20800,19850,20800,601,-3
20160629,21400,22500,20550,21050,650,-8
20160630,21600,21600,20750,21250,481,0
20160701,21650,21650,20750,21500,1413,0
20160704,21900,21900,21500,21850,616,3
20160705,22300,22350,21600,21850,909,1
20160706,22100,22100,21500,21850,181,-2
20160707,22000,22200,21950,22200,101,0
20160708,22200,22300,21850,22200,732,2
20160711,22200,22500,21800,22200,686,-28
20160712,22200,22400,21900,22300,1683,0
20160713,21950,22450,21950,22400,299,0
20160714,22000,22500,21600,22300,702,-31
20160715,22300,22300,22000,22300,233,-7
20160718,22350,22950,22300,22500,3308,-55
20160719,22600,22650,22200,22650,796,-18
20160720,22650,22750,22500,22700,767,-18
20160721,22750,22750,22450,22550,83,-8
20160722,22200,22550,22200,22500,65,0
20160725,22550,22650,22100,22650,313,-1
20160726,22650,22650,22250,22500,759,0
20160727,22550,22550,22150,22400,520,-4
20160728,22400,22500,21900,22500,490,-15
20160729,22700,22700,22150,22550,1168,-4
20160801,22700,22950,22500,22700,1656,241
20160802,22950,22950,22500,22600,933,1
20160803,22650,22700,22400,22700,1125,-2
20160804,22750,22750,22100,22350,752,0
20160805,22350,22750,22000,22700,1958,0
20160808,22700,22700,22100,22550,1143,84
20160809,22550,22700,22250,22600,934,-1
20160810,22450,24800,22450,24150,22929,-66
20160811,24150,24950,23750,24250,6835,-104
20160812,24800,24850,23750,24450,3777,-47
20160816,24200,29250,24000,26850,62593,-368
20160817,26850,29600,26300,28300,35500,-49
20160818,28350,28750,27200,27500,11526,-1129
20160819,27500,27800,26800,27000,5239,38
20160822,27000,27700,26500,27350,4323,200
20160823,27450,28000,26900,27450,4670,151
20160824,29100,29100,27500,28300,5697,7
20160825,28900,28900,27850,28250,3120,-245
20160826,28250,28600,27850,28350,1529,-32
20160829,28350,28350,26550,27000,3340,13
20160830,27000,27750,25550,26300,9725,8
20160831,26300,26850,25000,26200,3764,-106
20160901,25950,28400,25950,28000,7285,3329
20160902,28800,28800,27800,28600,4372,1478
20160905,29100,29350,28600,29100,5325,-228
20160906,29350,31350,29100,29300,17682,403
20160907,29100,29750,28500,29550,3460,443
20160908,29250,30850,29000,30350,6291,2986
20160909,29750,30800,29050,29050,3048,-7
20160912,29050,29500,28500,29500,2212,12
20160913,29750,29800,29150,29700,2569,101
20160919,29200,30300,29200,29900,1653,106
20160920,30300,30300,29550,29800,1679,-339
20160921,29250,29850,29250,29750,413,112
20160922,29350,29950,28850,29550,1047,99
20160923,29350,29600,28450,28950,2198,-126
20160926,28950,30000,28800,29700,962,371
20160927,30000,30000,29250,29500,296,-10
20160928,29500,30250,29300,29650,463,-13
20160929,29650,29750,29100,29500,523,-10
20160930,29900,29900,27750,29500,2152,-319
20161004,28450,29050,28250,28300,2737,-134
20161005,28500,28500,27700,28250,1142,-23
20161006,28250,28400,26850,26900,4354,-35
20161007,26200,28500,26200,27000,1777,-1092
20161010,28100,28100,27050,27900,463,-34
20161011,28450,28450,27400,28150,390,-28
20161012,28100,28150,27400,27950,181,-10
20161013,29300,29300,26650,27400,1121,-16
20161014,27450,27450,26300,26500,966,-90
20161017,26550,26550,25800,26200,1256,0
20161018,25800,26700,25800,26600,690,0
20161019,26950,27350,25850,27000,656,-3
20161020,27350,27350,26200,26450,1162,-45
20161021,26450,26550,25500,25650,1798,-53
20161024,25700,25900,25150,25850,333,-3
20161025,26050,26100,25250,25950,297,1
20161026,25950,26050,25050,26000,681,-46
20161027,26300,26300,25950,25950,58,-11
20161028,25950,26150,25650,25900,372,-36
20161031,25700,26450,25500,26200,59,0
20161101,25100,26500,25100,26400,1984,-1
20161102,25800,26250,25000,25000,1529,0
20161103,25000,25550,24400,25450,443,-5
20161104,25450,25450,24850,25450,20,0
20161107,26100,26100,24600,25300,413,44
20161108,26000,26000,24950,25950,99,-5
20161109,25250,25650,24050,25450,1963,0
20161110,26500,26500,24850,25100,3139,-3
20161111,25450,25900,24850,25400,1693,-1
20161114,25450,26750,25000,26350,2685,-8
20161115,25550,25550,24550,24900,6263,-3
20161116,24600,25000,23800,24300,5643,89
20161117,24300,24500,23850,24450,2241,-398
20161118,24450,24450,23700,23750,1399,-31
20161121,23750,23750,23050,23400,3415,-30
20161122,23100,23300,22800,23150,3161,-355
20161123,23150,23300,22300,22650,4652,-578
20161124,22650,22700,21900,22600,2546,-732
20161125,22600,22700,21950,22050,2391,-839
20161128,22050,22350,21850,22050,2436,-955
20161129,22000,22200,21500,22050,1413,-269
20161130,22050,22050,21550,21750,2006,-887
20161201,22000,22000,21500,21950,941,8
20161202,22100,22150,21700,22000,1142,-36
20161205,21850,21950,21500,21900,1703,-691
20161206,21600,21900,21600,21650,1121,0
20161207,21500,21950,21450,21950,981,-421
20161208,22050,22900,21650,22700,1109,-29
20161209,22700,22900,22300,22850,12356,-25
20161212,22950,23050,22100,22400,1651,-1329
20161213,22400,22850,22000,22700,616,-319
20161214,22700,22800,22500,22800,704,-10
20161215,22850,23000,22550,23000,272,12
20161216,22900,23250,22800,23200,846,10
20161219,23250,23450,22750,23200,1300,30
20161220,23250,23400,23000,23200,564,-8
20161221,23500,23500,23050,23150,604,234
20161222,23400,23400,22450,23200,1935,-8
20161223,23200,23300,22700,23200,600,-4
20161226,22850,23300,22800,23150,3868,13
20161227,23300,23300,22900,23200,580,3
20161228,23250,23250,22850,23200,829,19
20161229,23200,23200,22600,22850,458,11
20170102,22550,22800,22350,22650,570,8
20170103,23100,23100,22650,22750,79,0
20170104,22750,23500,22550,22700,3710,7
20170105,23200,23200,22700,23000,486,0
20170106,23000,23100,22700,23100,318,-3
20170109,23100,23250,22800,23200,1641,-71
20170110,23200,23500,23200,23450,2203,712
20170111,23550,23650,23200,23650,1145,114
20170112,23750,24500,23100,24400,1325,628
20170113,24750,24950,24000,24800,1452,146
20170116,25350,25450,24450,24700,1053,152
20170117,24800,25100,24550,25050,1470,157
20170118,25350,25350,24200,25000,563,73
20170119,25000,25000,24300,25000,612,24
20170120,25600,25600,24500,24900,314,28
20170123,25150,27650,24900,26500,26674,1729
20170124,26800,27500,25800,26100,5144,75
20170125,26550,26550,25600,25700,1939,94
20170126,26400,26600,25600,26200,1218,34
20170131,25650,26050,25550,26000,1069,0
20170201,26250,26250,25150,25800,945,-8
20170202,26100,26100,25400,25400,2831,-92
20170203,25400,25950,25150,25500,380,-8
20170206,24900,25900,24800,25100,1222,0
20170207,24300,25500,24300,25000,89,-11
20170208,25150,25150,24150,24200,1720,-10
20170209,24050,24400,23650,24100,1254,-16
20170210,24200,25200,23750,24850,1013,504
20170213,25600,25600,24650,25000,1935,-117
20170214,25600,26000,25000,25500,378,0
20170215,26200,26200,25000,25800,891,0
20170216,25800,26400,25500,26200,1053,-1
20170217,26350,26350,25500,25800,608,-8
20170220,26750,26750,25000,25000,1722,-18
20170221,25500,25750,24850,25250,270,-8
20170222,25650,25650,24550,25000,514,-3
20170223,25000,25600,24400,24850,678,-8
20170224,25400,25400,24850,25000,412,-7
20170227,25200,25200,24800,24900,725,-6
20170228,24750,25100,24650,25000,779,342
20170302,25000,25300,24600,24800,494,13
20170303,24900,25800,24100,25500,1542,0
20170306,25500,25600,24600,25500,442,4
20170307,25700,25700,24700,25000,457,-50
20170308,25150,25150,24700,24950,235,-9
20170309,25000,25650,24550,25600,462,-26
20170310,25600,25650,24650,25200,806,-23
20170313,25200,25200,24600,24800,749,0
20170314,24800,25000,24600,24800,307,0
20170315,24450,25000,24250,24900,1370,-5
20170316,25150,25800,24650,25550,824,-16
20170317,25750,25750,24900,25050,838,1
20170320,25450,25450,24900,25300,236,-4
20170321,25300,25300,24450,24650,1865,1
20170322,24250,24750,24000,24200,1161,-8
20170323,25200,25500,24200,24600,638,0
20170324,25050,25050,24400,24400,477,-19
20170327,24400,24950,24000,24250,770,-8
20170328,24450,24450,24000,24250,464,-1
20170329,24300,24300,23900,24150,134,0
20170330,24150,24600,24000,24600,378,0
20170331,24600,24750,24150,24600,582,-4
20170403,24950,25250,24000,24050,2699,-7
20170404,24300,24300,23750,23800,2351,-158
20170405,23750,24200,23650,23900,1843,144
20170406,23900,24050,23800,23900,414,-135
20170407,24100,24450,23800,24000,402,115
20170410,24650,24650,23650,23800,1484,143
20170411,23800,23800,23700,23700,463,144
20170412,23700,23900,23600,23800,898,112
20170413,24000,24150,23650,24100,827,271
20170414,24150,24200,23650,23650,1202,-84
20170417,24150,24150,23750,24000,1454,141
20170418,24150,24150,23800,23950,798,143
20170419,24200,24200,23600,23850,801,-214
20170420,23950,24000,23650,23900,803,0
20170421,24050,24050,23750,24000,1726,143
20170424,24100,24250,24000,24100,239,142
20170425,24100,24150,23650,24050,724,164
20170426,24050,24300,23700,24100,800,147
20170427,24100,24350,24100,24200,307,143
20170428,24150,25950,24050,24750,9710,70
20170502,24500,24950,24200,24750,2324,329
20170504,24750,25450,24700,24900,553,248
20170508,25750,25750,24650,25100,1406,558
20170510,25450,25450,24550,24550,2173,-624
20170511,24500,25150,24100,24950,2033,8
20170512,24350,25050,24350,24800,628,-76
20170515,25150,25250,24450,25000,1615,198
20170516,25000,25900,24000,24650,4107,-410
20170517,24950,25400,24700,25000,2327,126
20170518,25000,25200,24550,25000,1814,112
20170519,25000,25250,24800,25200,285,-6
20170522,25600,25600,24700,25100,2327,-17
20170523,25100,25400,24700,24900,2374,1
20170524,25100,25100,24250,24550,1314,-112
20170525,24550,24950,24450,24950,1733,4
20170526,25600,25600,24450,24950,1360,0
20170529,24950,25350,24600,25050,1587,0
20170530,25050,25250,24750,25000,1807,14
20170531,25400,26500,24900,25200,2528,11
20170601,25200,25550,24800,24800,1474,-2
20170602,24800,25150,24750,24900,1093,3
20170605,24650,25100,24500,25050,2596,-131
20170607,25050,25850,24900,25400,2787,433
20170608,25600,25850,25150,25300,1375,-125
20170609,25300,25800,24900,25550,3066,-5
20170612,25600,25700,24900,25150,4199,-195
20170613,25150,25500,24900,25500,3199,496
20170614,25500,25700,24900,25150,4524,-258
20170615,25200,25400,24550,25300,2497,-3
20170616,25050,25100,24550,24600,7030,-241
20170619,24850,24850,24450,24800,1786,-8
20170620,24750,24900,24300,24650,6028,-2
20170621,24650,24850,24250,24450,1570,-14
20170622,24750,24750,24150,24200,2038,-3
20170623,24500,24900,24300,24900,2766,-22
20170626,24900,25250,24750,24900,3148,-31
20170627,25100,25100,24750,24900,1561,0
20170628,25100,25100,24600,24900,4396,0
20170629,25050,25400,24900,25350,3593,0
20170630,25800,25800,25100,25450,1837,-116
20170703,25450,26000,24700,25350,6929,0
20170704,25350,25350,24800,24800,2926,-68
20170705,24750,25100,24500,24900,4054,-14
20170706,25300,25300,24600,25000,594,-12
20170707,25300,25300,24750,25000,796,0
20170710,24900,25000,24650,24900,711,-17
20170711,24850,25300,24850,25150,1284,-42
20170712,25550,25550,24550,24900,3014,-34
20170713,24700,24900,24550,24550,1079,-49
20170714,24700,24850,24500,24600,1330,-27
20170717,24700,24700,24450,24500,874,-107
20170718,24750,24750,24450,24650,629,-95
20170719,24500,24800,24500,24800,769,-177
20170720,24550,24800,24550,24700,525,-83
20170721,24700,24700,24550,24600,1611,0
20170724,24900,24900,24600,24700,1787,-18
20170725,24600,24900,24600,24600,2345,0
20170726,24550,24700,24550,24600,1079,-5
20170727,24650,24900,24550,24850,2600,0
20170728,24850,24850,24600,24750,2049,-31
20170731,24600,24900,24550,24850,1789,-28
20170801,24800,25450,24800,25100,924,1
20170802,25100,25400,24750,25250,944,-2
20170803,25100,25200,24750,24750,477,-100
20170804,24600,24700,24600,24700,157,0
20170807,24700,24800,24600,24700,690,-19
20170808,24650,24950,24650,24750,132,0
20170809,24850,26200,24650,25000,3189,72
20170810,25750,25750,24750,25000,364,-43
20170811,24950,24950,24450,24500,7550,0
20170814,24500,24750,24400,24550,262,35
20170816,24450,24450,23400,23750,3333,-28
20170817,23750,24350,23550,23750,608,-79
20170818,23750,24000,23600,23850,531,-4
20170821,23800,24000,23600,23900,313,0
20170822,24250,24250,23650,23900,594,0
20170823,23900,23900,23500,23900,1035,-2
20170824,23900,23900,23300,23700,1507,48
20170825,23650,23750,23500,23750,858,-1
20170828,23750,23800,23550,23750,402,0
20170829,23550,23900,23550,23900,452,0
20170830,23900,23900,23600,23800,811,-4
20170831,23700,23900,23500,23500,4421,-26
20170901,23450,23750,23350,23750,1967,0
20170904,22700,23500,22700,23500,1931,-4
20170905,23600,23600,23250,23250,244,-1
20170906,23550,23550,23250,23350,353,-5
20170907,23550,23550,23250,23550,543,-18
20170908,23600,23600,23400,23500,819,-4
20170911,23600,23600,23350,23350,1401,-2
20170912,23500,23500,23300,23500,452,-1
20170913,23500,23650,23300,23500,432,0
20170914,23500,23700,23350,23600,550,0
20170915,23700,23700,23200,23250,1237,0
20170918,23150,23400,23100,23350,212,-4
20170919,23200,23500,23000,23350,1336,-413
20170920,23050,23350,22850,23050,283,0
20170921,23100,23200,22550,23150,772,0
20170922,22700,22950,21500,22150,3025,0
20170925,21650,22150,21300,21850,581,3
20170926,21350,22050,21000,22050,2750,2139
20170927,22050,22800,21700,22800,2325,1421
20170928,22800,22850,22350,22850,323,-5
20170929,22450,22700,22150,22250,870,-3
20171010,22050,23600,22050,23500,3185,2163
20171011,23500,23500,22550,23450,93,-4
20171012,23400,23450,22950,23450,245,47
20171013,23100,23450,22600,23350,224,-87
20171016,23150,23200,22600,23200,143,-51
20171017,23050,23050,22750,22750,253,0
20171018,23250,23250,22600,23200,3064,2569
20171019,22750,23250,22650,23100,211,-4
20171020,23050,23050,22550,22750,57,-10
20171023,22750,23500,22750,23450,2901,2581
20171024,23100,23600,22850,23150,550,-9
20171025,23300,23300,22900,23200,94,0
20171026,23200,23400,23200,23350,52,0
20171027,23400,23850,23250,23650,937,-1
20171030,23900,24000,23050,23650,230,-33
20171031,23950,23950,23150,23650,372,-4
20171101,23650,23850,23200,23850,615,-35
20171102,23850,23850,23200,23600,586,-4
20171103,23600,23850,23200,23550,1036,-3
20171106,23300,23750,23250,23650,148,0
20171107,23600,23800,23350,23550,312,-8
20171108,23750,23850,23200,23700,1893,-438
20171109,23700,24100,23450,23700,1741,-11
20171110,23950,24150,23650,24100,951,-26
20171113,24100,24500,23850,24400,302,-5
20171114,24400,24400,23500,23850,7875,-12
20171115,23750,24200,23500,24200,1029,-102
20171116,24100,24450,23600,24300,2579,-7
20171117,24200,24550,23900,24000,771,-164
20171120,24450,24450,23750,24000,491,-112
20171121,24000,24400,23850,24050,504,-98
20171122,24050,24350,23700,24250,3329,123
20171123,24050,24450,23850,24250,388,-107
20171124,24050,24450,23800,24250,1233,-61
20171127,24000,24250,23850,24000,603,-65
20171128,23900,24150,23850,24000,326,-9
20171129,23800,24000,23800,23950,535,18
20171130,23850,24350,23800,24000,880,49
20171201,24000,24350,23750,24000,1932,-189
20171204,24000,24300,23700,24000,800,-13
20171205,24000,24000,23600,24000,835,-98
20171206,24550,24550,23600,23900,574,-7
20171207,23900,24000,23200,23800,284,-1
20171208,23750,23900,23250,23900,813,18
20171211,23900,23900,23100,23400,1528,62
20171212,23250,23700,23150,23600,917,-122
20171213,23750,23900,23550,23900,1181,3
20171214,23900,24050,23400,24050,1518,-6
20171215,24150,24150,23600,23850,2033,-3
20171218,24200,24350,23850,24250,2216,-25
20171219,24250,24500,23700,23950,649,-76
20171220,23900,24150,23750,23950,7237,-6
20171221,23800,24150,23650,23950,10233,-2
20171222,24100,24100,23450,23600,6762,-12
20171226,23600,23600,23200,23500,1439,0
20171227,23300,23500,23050,23450,407,-5
20171228,23450,23450,23050,23150,562,-405
20180102,23150,23350,22650,23250,620,-6
20180103,23250,23250,22950,23000,741,0
20180104,23100,23100,22600,23050,1762,-531
20180105,23050,23050,22500,22850,1001,-174
20180108,22850,23050,22400,22550,216,-27
20180109,22550,22750,22400,22550,1203,-8
20180110,22550,22700,22150,22400,1028,-1
20180111,22500,22650,22150,22550,223,-31
20180112,22550,24400,22200,24300,3616,-50
20180115,24300,24900,23700,24000,3327,0
20180116,24800,24800,23550,23850,4360,-762
20180117,23850,24250,23500,23800,1479,-58
20180118,24100,24100,23500,23850,886,7
20180119,23800,23900,23450,23800,901,-15
20180122,24350,24350,23450,23700,659,-15
20180123,24100,24100,23450,23900,800,-7
20180124,24400,24400,23650,23850,1019,-8
20180125,23850,23900,23500,23850,866,-24
20180126,23900,24250,23750,24050,3240,-9
20180129,23900,24450,23900,24100,2395,-25
20180130,24100,24250,23650,24100,2283,-22
20180131,24000,24350,23800,24000,2986,-30
20180201,24800,24800,23850,24400,5170,-19
20180202,24100,26650,24100,25900,20126,-50
20180205,25800,26000,24800,24850,8281,31
20180206,24450,25500,24200,25400,6280,-30
20180207,25750,28300,24800,25550,15169,-16
20180208,26000,26000,24800,25750,6033,-69
20180209,24900,25500,24400,24600,4724,-27
20180212,24850,24850,23700,23700,7817,11
20180213,23650,24200,23450,23850,1428,-2
20180214,23650,24250,23600,23950,4134,-6
20180219,23800,24050,23600,23850,1261,-3
20180220,24100,24100,23600,23750,699,-6
20180221,24050,24050,23550,23950,420,-4
20180222,24050,24050,23300,23550,3325,-40
20180223,23300,24000,23300,23900,1150,3
20180226,23750,24150,23550,24000,1796,-29
20180227,24150,24150,23650,23850,2231,-845
20180228,23850,25950,23600,24050,5334,2
20180302,24050,24350,23750,24350,947,-3
20180305,24150,24350,23650,24250,3619,-1
20180306,24250,26000,24000,24400,5056,-92
20180307,24500,24700,24050,24300,1471,6
20180308,23900,24250,23600,24200,2652,-4
20180309,24300,24450,23500,23550,10809,-2
20180312,23850,23900,23500,23800,2804,4
20180313,23600,24250,23550,23800,1710,-28
20180314,23950,23950,23550,23800,883,0
20180315,23750,24850,23600,24650,3240,-2
20180316,24350,24950,23900,24100,2596,-17
20180319,23950,24550,23900,24350,1882,-6
20180320,24250,24450,24000,24450,1993,-2
20180321,24200,24650,23900,23900,5110,-10
20180322,24400,24400,23750,23900,1742,13
20180323,23800,23950,23200,23550,3304,-27
20180326,23550,23650,23000,23550,2424,-25
20180327,23350,24000,23350,24000,580,-9
20180328,23950,24000,23300,23700,1215,-4
20180329,23550,23700,23350,23700,208,0
20180330,23700,24200,23500,23500,1144,118
20180402,23500,24050,23500,23900,1083,-54
20180403,24100,24100,23450,23800,687,0
20180404,23750,23800,23250,23250,1447,-1
20180405,23500,23700,23150,23650,764,-67
20180406,24050,24050,23300,23600,702,-4
20180409,23600,23900,23450,23650,1438,0
20180410,23700,23800,23200,23200,1109,4
20180411,23400,23700,23100,23700,455,-2
20180412,23700,23750,23200,23700,2001,-8
20180413,23800,23800,23200,23750,1988,-6
20180416,23350,23600,23100,23200,2989,3
20180417,23250,24200,23250,23850,7235,-9
20180418,23900,31000,23400,24350,788325,-1978
20180419,25000,26250,24450,25150,162943,-450
20180420,25400,25700,24600,24750,49390,-338
20180423,24400,24700,23950,24000,48189,14
20180424,24150,24550,23800,24050,20068,-366
20180425,24000,24500,23800,23950,22069,-11
20180426,24200,24500,23900,24100,8270,-28
20180427,24200,24600,23950,24450,10211,-17
20180430,24200,24450,23950,24450,17735,-9
20180502,24450,26850,24150,26700,50187,282
20180503,26700,26850,25500,26450,22210,-29
20180504,26400,26650,25200,25700,23174,-113
20180508,25550,25800,25100,25250,9344,-70
20180509,25150,25750,24700,25750,17883,-201
20180510,25850,26050,25150,25950,7121,-112
20180511,26000,26400,25600,26300,8918,-104
20180514,26350,28100,26350,27850,47375,-35
20180515,28000,28400,26000,27700,19213,-97
20180516,26700,27200,25550,25850,18955,-200
20180517,25850,26750,25650,26100,10838,-111
20180518,26100,26400,25650,26150,6278,-85
20180521,26050,26400,25600,26000,10386,-87
20180523,26000,26100,25250,25700,7048,-83
20180524,25750,25750,24700,25100,6965,-20
20180525,23550,24500,23550,24200,12020,-19
20180528,24400,25950,24400,25600,16977,-29
20180529,25950,25950,24650,25000,6195,-12
20180530,24900,24900,23850,24350,23547,12
20180531,24750,24750,23950,24300,10241,-6
20180601,24300,25350,24300,24600,5125,-20
20180604,24950,24950,24150,24350,4921,-54
20180605,24450,24450,24100,24350,3519,-36
20180607,24750,25100,24450,24700,3496,-335
20180608,24600,25000,24000,24100,11475,-235
20180611,24300,24300,23850,24000,5339,-40
20180612,23950,24450,23800,23850,3738,-30
20180614,23800,23800,23200,23200,6263,-195
20180615,23500,23550,22800,23500,5485,-16
20180618,23500,23850,22650,22800,5214,-376
20180619,22600,22900,21850,21900,8710,-103
20180620,21900,22500,21600,22100,2603,-313
20180621,22500,22500,21750,22000,2539,-17
20180622,22200,22200,21000,21050,17902,-536
20180625,21000,21500,21000,21500,4294,-14
20180626,21500,21650,20850,21500,7944,-43
20180627,21150,21900,21150,21500,22738,-14
20180628,21300,21950,21050,21500,3689,-17
20180629,21500,21550,21100,21550,3423,0
20180702,21500,21500,20500,20500,4801,-4
20180703,21100,21100,19900,20200,6450,-11
20180704,20650,21250,20300,20900,3142,-3
20180705,20900,20900,19900,20100,6119,-8
20180706,20150,20300,19900,20300,1738,0
20180709,20000,20450,20000,20450,2844,754
20180710,20200,21100,20200,20800,1796,445
20180711,20800,21400,20800,21050,1050,207
20180712,21300,21300,20800,21200,1230,181
20180713,21350,21450,20900,21000,771,-7
20180716,21000,21000,20600,20700,663,72
20180717,20700,21100,20700,20700,1582,188
20180718,21200,21200,20600,20800,1927,-1
20180719,21750,21750,20650,20850,809,-2
20180720,20700,21300,20650,20900,868,-1
20180723,21400,21400,19600,19750,3875,-12
20180724,19750,20150,19600,20000,1550,223
20180725,19850,19950,19000,19700,1573,-7
20180726,20000,20000,19450,19550,1300,-14
20180727,19750,19800,19350,19600,394,-1
20180730,19950,19950,19250,19600,1193,-1
20180731,19850,19850,19250,19600,666,-2
20180801,19950,20000,19400,19900,777,-2
20180802,19800,20200,19100,19900,1504,-8
20180803,19900,20000,19700,20000,322,0
20180806,20150,20200,19600,20100,438,136
20180807,20200,20500,20000,20350,710,85
20180808,20500,20500,20000,20250,264,-1
20180809,20250,20750,19850,20500,1414,183
20180810,20250,20900,19950,20250,1313,0
20180813,20250,20250,19850,20000,363,4
20180814,19800,20050,19500,20000,844,-108
20180816,20000,20000,19400,19900,1215,-1
20180817,19900,20050,19600,20000,456,-21
20180820,20000,20000,19550,19950,439,1
20180821,19900,19900,19550,19750,841,0
20180822,19650,19650,19450,19600,816,-4
20180823,19600,19900,19300,19750,850,3
20180824,19950,20000,19350,19650,540,-3
20180827,19550,19750,19350,19650,976,-3
20180828,19800,19800,19350,19650,547,0
20180829,19500,20200,19350,19650,1584,-10
20180830,19550,19800,19400,19650,1122,-9
20180831,19650,19750,19450,19650,375,0
20180903,19650,19650,19400,19600,804,-1
20180904,19800,19850,19300,19800,2096,474
20180905,19950,20100,19650,20000,1143,66
20180906,19800,21900,19800,20650,8342,1273
20180907,20850,21250,20650,21000,3508,-8
20180910,21350,21500,20750,21100,1508,158
20180911,20900,21250,20800,21250,2015,2
20180912,21200,21350,20950,21350,2269,22
20180913,21100,21450,21100,21300,2163,-24
20180914,21300,21800,21200,21350,1768,166
20180917,21350,21450,21200,21350,587,-6
20180918,21350,21450,20750,21400,2259,-6
20180919,21300,21350,20850,21000,1368,-18
20180920,20750,20850,20500,20650,963,-11
20180921,20750,21700,20400,21000,759,-24
20180927,21250,21250,20800,21250,1465,36
20180928,21350,21750,20950,21500,811,5
20181001,21800,21800,20800,21200,987,3
20181002,20900,21150,20850,20850,600,2
20181004,20800,21500,20100,20900,1544,3
20181005,21500,21500,20500,20900,945,63
20181008,20900,21450,20400,21200,1717,4
20181010,21450,21600,20600,21000,1172,4
20181011,21000,21800,20400,20850,3255,3
20181012,20200,21100,20000,20900,853,-3
20181015,20900,21400,20100,20100,706,9
20181016,20250,20900,20250,20650,285,31
20181017,21400,21400,20650,20750,96,-3
20181018,20750,21600,20250,20250,842,12
20181019,20200,20700,19600,20400,662,11
20181022,20400,20800,20100,20400,65,2
20181023,20550,20850,19800,20000,295,2
20181024,20000,20350,20000,20200,708,3
20181025,20100,20100,19500,19900,26,2
20181026,19350,19800,19250,19650,140,20
20181029,19650,19950,19300,19350,2024,58
20181030,19250,19300,18550,19150,379,91
20181031,19150,19150,18650,19000,1104,6
20181101,19000,19900,18850,19200,239,3
20181102,19050,19600,18750,19050,533,-1
20181105,19050,19200,18900,19150,232,-50
20181106,19200,19300,18950,18950,524,1
20181107,19000,19200,18800,19000,166,-1
20181108,19150,19600,19150,19600,1713,7
20181109,19550,19550,19050,19400,254,11
20181112,19100,19350,19050,19300,115,1
20181113,19300,19300,18850,19200,1642,-1
20181114,19200,19300,18850,19250,311,1
20181115,19100,19100,18700,18950,1106,4
20181116,19200,19200,18750,19100,647,46
20181119,18650,18900,18500,18500,3913,76
20181120,18450,18500,17950,18150,2312,1
20181121,18300,18300,17650,17900,2351,-71
20181122,17800,18000,17450,17900,2697,761
20181123,17900,18000,17600,17800,730,-30
20181126,17950,18000,17750,18000,640,-5
20181127,17900,18150,17900,17900,637,82
20181128,18100,18100,17600,18050,808,-5
20181129,17900,18200,17900,18050,1189,153
20181130,18050,18100,17850,18050,108,14
20181203,18050,18450,17850,18450,264,9
20181204,18300,18300,17950,17950,473,-14
20181205,17900,18300,17900,18000,419,0
20181206,18200,18200,17800,18050,341,6
20181207,17850,18050,17800,18000,686,-4
20181210,18000,18000,17400,17950,4722,4
20181211,17950,17950,17600,17900,748,11
20181212,18000,18000,17700,17850,1804,34
20181213,17900,17900,17400,17850,5458,32
20181214,17750,20000,17450,18950,19604,2785
20181217,19300,19350,18750,19150,9643,7
20181218,19450,19700,18950,19000,1213,9
20181219,19000,19750,18900,19700,897,128
20181220,19700,19750,19500,19750,573,8
20181221,19800,19900,19150,19700,348,-45
20181224,19650,19650,18850,19400,663,-11
20181226,19300,19450,18550,19450,533,81
20181227,18650,19900,18650,19300,1614,2
20181228,19300,20750,18550,18650,3978,-13
20190102,18550,18700,17800,17800,4984,-2
20190103,17800,17950,17600,17800,2259,8
20190104,17500,18200,17450,17800,523,-13
20190107,17650,18200,17600,18200,1736,12
20190108,18200,18350,18000,18200,223,2
20190109,18350,18350,17850,18000,2188,-2
20190110,18000,18100,17900,18100,2217,-12
20190111,18000,18200,17900,18050,528,7
20190114,17950,18400,17800,18300,584,-3
20190115,18300,18350,18100,18300,106,-12
20190116,18350,18700,18300,18500,1590,-1
20190117,18650,18650,18350,18550,336,-2
20190118,18550,19050,18550,18950,266,2
20190121,18850,19350,18850,19150,285,-7
20190122,19200,19600,19050,19600,534,-6
20190123,19500,19950,19100,19200,666,2
20190124,19150,19200,18950,19050,357,0
20190125,19050,19700,18650,19700,938,-29
20190128,19450,19700,19300,19700,516,-5
20190129,19700,19700,19050,19050,522,-9
20190130,19050,19050,18850,18850,382,-5
20190131,18900,19350,18600,18850,994,-8
20190201,19000,19400,18800,19150,215,-26
20190207,19150,19400,18500,18600,2663,-70
20190208,18700,18750,18400,18650,840,-33
20190211,18700,18700,18300,18400,424,-9
20190212,18550,18800,18050,18650,1346,7
20190213,18800,19100,18800,18950,926,103
20190214,18850,19050,18700,18700,259,-30
20190215,18850,18850,18600,18850,335,19
20190218,18800,19000,18550,18800,1341,-6
20190219,18800,19350,18750,18800,2582,-2
20190220,18800,19050,18800,19000,919,3
20190221,19000,19000,18200,18200,13239,-4
20190222,18200,18350,17650,17850,9425,-7
20190225,18000,18050,17700,17850,4467,-1
20190226,17950,18200,17800,17950,1896,-15
20190227,17950,18350,17950,18300,1547,-1
20190228,18200,18500,18100,18100,1281,0
20190304,18000,18400,17850,18350,545,-7
20190305,18500,18500,18100,18100,1039,22
20190306,18100,18250,18050,18150,252,-5
20190307,18150,18500,17950,18200,701,-2
20190308,19000,19000,18000,18150,2274,3
20190311,18300,18300,17800,18050,1390,33
20190312,18050,18550,17950,18400,1067,0
20190313,18250,18250,18000,18000,1845,14
20190314,18000,18400,18000,18350,1537,-15
20190315,18350,18350,18050,18250,503,-2
20190318,18300,18300,18150,18250,132,-11
20190319,18050,18350,18000,18250,880,-10
20190320,18250,18250,18000,18100,1353,-11
20190321,18050,18200,17950,18150,518,-15
20190322,18100,18300,17950,18250,2292,-11
20190325,18000,18100,17900,17900,418,-5
20190326,17900,18000,17800,17850,3389,-204
20190327,17850,18000,17850,18000,777,4
20190328,17950,18050,17850,18050,258,-2
20190329,18100,18100,17800,17850,1112,-22
20190401,17900,18000,17850,17900,543,5
20190402,17800,18000,17700,17700,2881,7
20190403,17800,17950,17750,17950,1246,-21
20190404,17850,18050,17800,17950,448,-2
20190405,17950,18350,17850,18150,2081,-7
20190408,18300,18300,17950,18250,322,-22
20190409,18250,18250,18050,18150,418,-55
20190410,18150,18300,18100,18250,367,-87
20190411,18250,18250,18050,18250,560,-16
20190412,18200,18250,18100,18250,466,-32
20190415,18150,18350,18100,18150,965,-34
20190416,18150,18350,18100,18200,467,-43
20190417,18200,18450,18000,18300,2976,-120
20190418,18400,18550,18000,18000,2419,-195
20190419,18050,18700,18050,18450,2763,-179
20190422,18450,18450,18000,18200,5612,-179
20190423,18200,18350,18150,18350,114,-36
20190424,18450,18450,17950,18100,2618,-392
20190425,18100,18100,17950,18100,720,-28
20190426,18100,18300,17950,18300,592,82
20190429,18050,18500,17950,18000,1835,-166
20190430,18000,18150,17800,18150,1371,-151
20190502,18100,18350,18000,18350,764,-11
20190503,18150,18400,18150,18400,1179,-12
20190507,18150,18400,18000,18050,797,4
20190508,18050,18150,18050,18100,935,-5
20190509,18100,18150,17750,18000,1514,-2
20190510,18000,18200,17700,17750,1339,-24
20190513,17750,18100,17750,17750,1412,-3
20190514,17950,17950,17850,17850,112,111
20190515,18000,18100,17900,18100,401,3
20190516,18300,18900,18150,18250,5078,24
20190517,18250,18650,18150,18350,1620,-3
20190520,18350,18600,18300,18400,296,13
20190521,18400,18750,18000,18350,3234,14
20190522,18400,18400,18300,18350,56,-12
20190523,18100,18150,17950,18000,1597,5
20190524,18000,18100,17850,18000,1069,1
20190527,17800,17950,17650,17750,1237,-4
20190528,17750,18250,17700,18250,534,-3
20190529,18000,18200,17750,18000,662,5
20190530,18000,18600,18000,18350,323,-38
20190531,18150,18250,17700,17800,3240,-13
20190603,17750,18000,17650,17800,1946,109
20190604,17800,18150,17800,18100,808,-10
20190605,18250,18750,18100,18350,661,-4
20190607,18250,18550,18000,18400,1469,-565
20190610,18400,18400,18050,18400,1111,-1
20190611,18100,18350,18100,18150,1289,5
20190612,18150,18300,18050,18300,848,93
20190613,18150,18450,18000,18100,859,-8
20190614,18200,18200,18000,18050,303,-11
20190617,18200,18200,18100,18200,286,-1
20190618,18250,18250,17800,18150,1335,-2
20190619,18150,18200,17950,18050,748,18
20190620,18050,18250,18000,18250,483,-13
20190621,18200,18350,18050,18150,668,-11
20190624,18100,18250,18000,18250,885,-19
20190625,18050,18250,18000,18250,1373,-14
20190626,18150,18250,18000,18150,789,-49
20190627,18150,18150,18000,18150,300,-5
20190628,18200,18250,18150,18250,537,-29
20190701,18150,18300,18150,18300,460,-15
20190702,18250,18750,18250,18550,1480,0
20190703,18800,18800,18300,18350,1685,2
20190704,18350,18500,18300,18500,179,-5
20190705,18550,18750,18450,18750,866,-1
20190708,18750,19050,18550,18600,1880,-4
20190709,18450,18550,18250,18250,552,0
20190710,18250,18800,18250,18300,345,-16
20190711,18450,18750,18200,18300,519,-5
20190712,18500,18500,18250,18450,235,4
20190715,18450,18450,18150,18400,1544,2
20190716,18400,18600,18250,18400,401,-14
20190717,18400,18400,18100,18150,1735,-19
20190718,18150,18300,18000,18250,776,-7
20190719,18150,18300,18150,18300,130,-19
20190722,18300,18300,18200,18250,118,-6
20190723,18500,18500,17850,18200,12488,-17
20190724,18200,19600,18200,19550,10045,-11
20190725,19850,21700,19250,19300,45581,8
20190726,19300,19300,18200,18500,14669,1
20190729,18500,19800,18250,19600,14479,-27
20190730,19550,20400,18700,20200,26274,-15
20190731,20200,21400,19500,20800,27736,-6
20190801,20050,21100,19900,20550,7211,15
20190802,19700,20350,19200,19600,3595,2
20190805,19600,19950,18400,18600,3829,-18
20190806,18200,18800,17200,17850,6301,-5
20190807,18150,18150,17650,18000,1257,0
20190808,18000,18950,18000,18800,2120,-7
20190809,18950,19550,18400,19250,1369,-44
20190812,18650,19550,18650,19550,1157,-2
20190813,19100,19600,18950,19400,1398,-84
20190814,19400,19950,19000,19500,478,-25
20190816,19400,19400,18650,19100,571,-1
20190819,18750,19100,18600,18800,1097,-44
20190820,18500,18750,18500,18500,1180,-78
20190821,18800,18800,18300,18600,653,-83
20190822,18750,18750,17850,17900,3659,-496
20190823,17750,18100,17750,18100,1708,-237
20190826,17850,18450,17500,17500,2394,-385
20190827,17500,17850,17500,17650,322,-2
20190828,17450,17850,17400,17650,394,-1
20190829,17650,18050,17550,17750,317,3
20190830,17750,18050,17750,17900,799,0
20190902,18150,18150,17800,17850,111,-2
20190903,18300,18300,17750,17950,1084,-122
20190904,17750,18200,17750,18100,472,-2
20190905,18250,18600,18100,18250,1134,-19
20190906,18250,18250,17700,17700,751,0
20190909,17700,17950,17700,17950,161,0
20190910,17950,18050,17800,17900,639,-3
20190911,17800,18200,17800,17850,265,-18
20190916,17950,18100,17600,17800,930,-2
20190917,17850,18250,17850,18100,721,-8
20190918,18100,18100,17900,17950,997,-26
20190919,18150,18150,17900,17900,108,-12
20190920,18150,18200,17850,17950,75,-6
20190923,18100,18200,17750,18150,561,-7
20190924,17900,18550,17850,17900,2029,-220
20190925,18100,18450,17800,18000,589,-1
20190926,17950,18450,17550,17850,3153,-4
20190927,17850,18000,17750,17800,129,0
20190930,18100,18100,17750,17800,189,0
20191001,18050,18050,17500,17650,494,1
20191002,17650,17900,17600,17900,1140,-36
20191004,17050,18100,17050,18100,4380,-5
20191007,18150,18150,17600,17600,1696,-1
20191008,17650,17900,17300,17650,772,0
20191010,17850,18500,17450,17600,1952,-5
20191011,17650,17850,17500,17600,373,-8
20191014,17700,18150,17650,18000,470,0
20191015,17850,18150,17750,17750,81,-4
20191016,17950,18200,17700,17900,131,-6
20191017,18150,18150,17700,17950,666,-10
20191018,18000,18150,17950,18100,503,1
20191021,17850,18250,17800,17800,296,3
20191022,17800,18100,17550,17750,388,-8
20191023,17750,17750,17500,17500,794,31
20191024,17600,17700,17300,17400,1052,-4
20191025,17350,17550,17350,17500,146,35
20191028,17450,17600,17350,17600,753,-3
20191029,17600,17600,17500,17500,265,2
20191030,17500,17500,17450,17450,89,-31
20191031,17450,17650,17450,17650,148,-21
20191101,17700,17700,17650,17650,139,1
20191104,17450,18000,17450,17750,389,-4
20191105,17450,18300,17450,17800,1588,-6
20191106,17900,17900,17550,17550,870,-9
20191107,17550,17700,17550,17650,131,12
20191108,17650,17850,17600,17700,153,12
20191111,17700,17700,17500,17500,266,0
20191112,17500,17750,17450,17500,174,-4
20191113,17500,17700,17450,17650,273,-15
20191114,17600,17850,17500,17550,1290,342
20191115,17750,17750,17400,17650,116,-4
20191118,17650,17650,17500,17600,37,-4
20191119,17750,17750,17400,17400,193,-11
20191120,17400,17450,17250,17250,888,-117
20191121,17250,17650,17050,17200,1019,-318
20191122,17350,17500,17150,17450,178,-15
20191125,17450,17450,17200,17250,232,-17
20191126,17250,17500,17100,17200,469,-64
20191127,17200,17500,17200,17500,151,-17
20191128,17500,17700,17400,17600,402,-59
20191129,17600,17700,17250,17600,1166,-132
20191202,17600,17650,17300,17300,1160,516
20191203,17450,17450,17100,17300,507,345
20191204,17400,17400,17200,17300,360,175
20191205,17650,17650,16350,17000,1642,4
20191206,17000,17300,16950,17250,1104,-615
20191209,17250,17250,17150,17200,98,17
20191210,17200,17200,17000,17150,159,-3
20191211,17150,17150,16950,16950,81,-5
20191212,16950,17500,16950,17400,993,-388
20191213,17400,17650,17200,17550,294,-56
20191216,17400,17650,17300,17350,566,11
20191217,17350,17600,17000,17600,924,-7
20191218,17400,17950,17400,17700,438,-1
20191219,17500,17700,17500,17650,721,-3
20191220,17400,17550,17400,17500,374,-2
20191223,17250,17450,17000,17000,1441,15
20191224,17000,17150,16900,17150,904,-45
20191226,17150,17650,17100,17450,1175,-3
20191227,17300,17800,17300,17450,81,24
20191230,17600,18450,17400,18150,2336,2
20200102,18100,19500,18100,19050,6063,-55
20200103,18700,19800,18700,19400,2263,-14
20200106,19100,19500,18800,18800,4431,575
20200107,18800,19650,18800,19000,1067,-583
20200108,19300,19300,18450,18500,4139,-21
20200109,18500,18950,18500,18800,675,-19
20200110,18600,18800,18550,18600,579,101
20200113,18700,18700,18400,18600,615,-496
20200114,18750,18750,18350,18400,1664,206
20200115,18600,18600,18350,18500,335,-26
20200116,18500,18700,18450,18550,512,209
20200117,18550,18750,18500,18650,954,-8
20200120,18650,18650,18500,18500,1338,-68
20200121,18500,18650,18500,18500,1164,-96
20200122,18550,19200,18500,19000,686,-33
20200123,19200,19500,18750,19500,3910,201
20200128,19200,19450,18800,18950,1672,-10
20200129,18700,19150,18700,19150,754,-222
20200130,18900,19350,18850,19150,2198,-6
20200131,19150,19150,18500,18700,5067,-3743
20200203,18700,18700,17950,18500,1896,242
20200204,18350,19050,18350,18850,1062,-18
20200205,19400,19400,18700,18950,583,82
20200206,18750,19100,18700,18800,1162,-244
20200207,18750,19100,18750,18950,37,-4
20200210,19100,19100,18800,18900,288,271
20200211,18900,18900,18550,18550,1457,-594
20200212,18750,18750,18450,18500,706,13
20200213,18750,18750,18400,18400,266,47
20200214,18600,18600,18300,18550,533,46
20200217,18550,18950,18500,18650,351,264
20200218,18650,18950,18500,18650,193,-37
20200219,18650,18950,18500,18700,188,59
20200220,18700,18700,18300,18500,1345,789
20200221,18500,18500,17750,17750,1708,42
20200224,17700,18000,17450,17950,1077,12
20200225,18000,18000,17650,17750,423,1
20200226,17950,17950,17550,17750,206,176
20200227,17800,17950,17500,17500,900,-793
20200228,16900,17900,16900,17550,363,5
20200302,17150,18100,17150,17650,562,246
20200303,18050,18100,17450,17850,488,-239
20200304,17500,17900,17500,17600,612,-104
20200305,17900,17900,17450,17500,610,107
20200306,17600,18600,17100,17500,6853,-1128
20200309,17400,17500,17000,17000,2952,56
20200310,17000,17000,16400,16900,325,-102
20200311,16850,17450,16850,17000,1373,-115
20200312,16800,17250,16400,16400,282,6
20200313,15600,15950,13000,14250,2531,-760
20200316,14250,15300,13500,13900,1917,434
20200317,14350,14350,13050,13350,1534,-48
20200318,13450,13650,13050,13450,1963,-534
20200319,13600,13600,12300,13100,2714,447
20200320,12950,13650,12600,13600,2233,-725
20200323,13600,13600,12250,12700,527,-19
20200324,12300,13600,12300,13600,2275,-262
20200325,13750,13750,13500,13700,311,-268
20200326,13200,13700,13200,13450,1901,-902
20200327,13900,14100,13400,13600,538,-143
20200330,13600,15500,13000,14150,627,-7
20200331,14700,14700,13850,14600,2327,-167
20200401,14600,15200,14450,14900,784,-219
20200402,14900,15500,14200,15200,1197,328
20200403,15000,15100,14700,14950,784,200
20200406,14950,15300,14500,15300,913,-429
20200407,15850,15850,14350,15150,992,-140
20200408,15100,15350,14700,15300,1041,-313
20200409,15300,15800,15000,15800,1995,-522
20200410,15700,15700,15100,15350,1260,-28
20200413,15300,15600,14850,15450,980,-49
20200414,15400,15750,15150,15750,905,-270
20200416,15550,16250,15550,16250,1657,-5
20200417,16250,16900,15950,16400,960,-12
20200420,16250,16550,15850,15850,733,-194
20200421,15900,16400,15800,15850,999,-61
20200422,15850,16100,15700,16050,503,-308
20200423,16300,16950,15950,16100,3319,-716
20200424,16100,16300,15900,16150,1026,-67
20200427,16150,16500,16050,16300,470,-115
20200428,16300,16500,16200,16450,245,-102
20200429,16650,16650,16250,16500,287,136
20200504,16500,16750,16250,16550,753,-180
20200506,16550,16700,16250,16600,104,-7
20200507,16600,17300,16500,17000,974,-123
20200508,17000,17400,16800,17300,522,-26
20200511,17300,17500,17300,17400,263,-1
20200512,17400,17400,17050,17050,2812,2305
20200513,17050,17500,16850,17500,281,84
20200514,17300,17550,16800,16800,530,3
20200515,16850,18000,16800,17400,814,15
20200518,17450,17450,17050,17300,174,27
20200519,17300,17300,16850,17250,270,1
20200520,17250,17300,17050,17250,769,-63
20200521,17100,17150,16850,16850,1267,-5
20200522,16850,17200,16700,16800,369,-14
20200525,16800,17000,16600,16650,1150,-1025
20200526,16650,16800,16400,16600,4431,-2193
20200527,16650,16650,16500,16550,218,-2
20200528,16550,16850,16500,16500,495,-135
20200529,16500,16850,16300,16450,844,39
20200601,16450,16800,16300,16650,2559,-168
20200602,16650,16850,16050,16700,2140,-28
20200603,16750,17200,16550,16650,1550,-319
20200604,16650,16900,16450,16800,1837,-15
20200605,16800,17150,16500,16550,1632,-15
20200608,16600,16950,16500,16550,2033,-378
20200609,16600,16900,16350,16450,1845,-4
20200610,16500,16650,16200,16400,1314,-335
20200611,16400,17350,16350,16500,1669,-8
20200612,16150,16600,16150,16550,129,-4
20200615,16400,16450,15600,16150,2077,-351
20200616,16050,16150,15850,16050,831,-19
20200617,15900,16000,15750,16000,1048,-291
20200618,15800,18450,15800,17300,16128,-3
20200619,17650,19750,17000,18500,61935,120
20200622,19000,19750,17550,17600,27264,-310
20200623,17600,17950,16900,16900,5325,-1
20200624,16900,16900,16400,16750,3432,-257
20200625,16600,17150,16000,16400,3046,2
20200626,16400,16950,16200,16200,1837,-111
20200629,16200,16450,15800,16450,2109,0
20200630,16450,16700,16000,16200,2628,-4
20200701,16200,16350,16100,16200,302,1
20200702,16050,16400,15900,16400,913,1
20200703,16400,16900,16250,16750,751,-114
20200706,16900,16900,16450,16500,395,-5
20200707,16850,16850,16350,16500,245,67
20200708,16550,16950,16350,16650,802,-174
20200709,16650,17000,16650,16950,648,-1
20200710,17000,17000,16500,16800,511,1
20200713,16800,17300,16500,16900,710,3
20200714,16900,16900,16250,16250,1622,110
20200715,16300,17200,16300,16400,341,-6
20200716,16750,16750,16300,16350,989,-7
20200717,16450,16450,16250,16400,932,1
20200720,16300,16650,16200,16300,546,-1
20200721,16300,16850,16300,16350,599,-11
20200722,16650,16700,16200,16600,4739,246
20200723,16450,16700,16350,16550,2215,615
20200724,16550,17000,16550,17000,1905,141
20200727,16950,17350,16600,16750,1519,16
20200728,16750,17800,16750,17600,2054,388
20200729,17700,17900,17100,17100,1901,237
20200730,17200,17300,17000,17200,527,-68
20200731,17000,17250,16650,17250,561,-85
20200803,17150,17250,16800,17100,626,31
20200804,17000,17400,16800,17400,1958,-120
20200805,17200,17500,17050,17200,414,-15
20200806,17400,17700,17250,17600,903,3
20200807,17550,17600,17050,17250,431,52
20200810,17300,17300,17050,17200,118,-2
20200811,17200,17400,17100,17250,468,-4
20200812,17250,17700,17000,17450,1135,-37
20200813,17700,18200,17650,17800,1302,-26
20200814,18050,18300,17600,17950,809,-3
20200818,17950,18000,17300,17300,1042,113
20200819,17150,17950,17150,17950,661,58
20200820,18000,18050,16550,16600,2941,117
20200821,17350,17350,16550,16850,1279,150
20200824,17050,17150,16700,17100,468,-1
20200825,17150,17700,16850,17650,1679,-52
20200826,17850,17900,17400,17450,941,-154
20200827,17500,18050,17500,17900,1558,82
20200828,17900,18200,17650,18100,1151,28
20200831,18100,18250,17900,18100,399,-6
20200901,18150,18500,17400,17700,1375,-121
20200902,17750,18250,17500,18000,1165,-296
20200903,18000,18000,17400,17800,2020,-6
20200904,17450,17600,17050,17150,1449,5
20200907,17200,17650,17200,17550,439,-3
20200908,17700,18400,17450,17800,1047,-8
20200909,17750,17850,17400,17500,325,-28
20200910,17500,17850,17500,17550,401,-7
20200911,17700,17800,17600,17700,696,53
20200914,18150,18150,17550,17800,512,52
20200915,17900,17950,17450,17800,644,165
20200916,17800,18200,17650,17700,610,34
20200917,17700,18050,17400,17700,1124,357
20200918,17650,18000,17400,18000,971,35
20200921,18000,18300,17550,17550,1554,425
20200922,17550,17550,17200,17250,677,155
20200923,17300,17750,17250,17700,339,24
20200924,17350,17500,17000,17000,742,51
20200925,17000,17250,16850,16900,322,6
20200928,16900,17250,16900,16900,141,4
20200929,17050,17600,17050,17050,458,0
20201005,17200,17600,17050,17600,413,-5
20201006,17600,17700,17400,17400,1001,-1
20201007,17400,18000,17150,17450,1221,-2
20201008,17800,17800,17300,17550,369,-12
20201012,17550,17900,17550,17600,1261,-4
20201013,17950,17950,17600,17750,4508,-9
20201014,18000,18550,17900,18200,3474,491
20201015,18050,18200,17900,18050,2772,6
20201016,17900,18200,17800,18050,1547,-3
20201019,18050,18350,17950,18100,309,7
20201020,17900,18500,17850,18100,389,-2
20201021,18000,18600,18000,18250,1034,3
20201022,18650,18750,18250,18700,2448,66
20201023,18850,18900,18400,18700,1388,818
20201026,18550,18850,18300,18500,937,481
20201027,18300,18450,17900,18000,1803,716
20201028,18000,18350,17950,18150,246,-2
20201029,18150,18750,17950,18650,741,-62
20201030,18500,20200,18500,18800,6791,412
20201102,19150,19700,18650,18800,3295,-8
20201103,18800,19350,18650,18650,1129,-67
20201104,18750,18800,18600,18650,357,0
20201105,18600,19400,18300,18650,768,-4
20201106,18650,18800,18350,18650,237,-5
20201109,18250,19000,18250,18750,1029,-9
20201110,18750,19300,18750,18900,1069,131
20201111,18700,19700,18700,19050,1293,38
20201112,19050,19400,18850,19350,780,-9
20201113,19100,19900,19100,19900,1634,-176
20201116,19900,19900,19400,19550,1895,-1
20201117,19550,20400,19100,19100,2201,108
20201118,19100,19750,19100,19250,4719,-57
20201119,19200,19200,18850,19050,1277,200
20201120,19250,19700,19100,19250,1202,23
20201123,19250,19700,19250,19600,1647,134
20201124,19500,19900,18650,19350,5918,270
20201125,19250,19300,18800,19000,1759,-4
20201126,19000,19650,18850,19350,1185,247
20201127,19350,19800,19100,19150,2248,253
20201130,19750,20000,19250,19950,8550,-8
20201201,19800,20100,19800,20100,6318,-12
20201202,20150,20150,19850,20000,2621,-5
20201203,20000,20000,19700,19900,1804,-5
20201204,19900,19900,18650,18800,7680,44
20201207,18800,19800,18700,19800,4650,-14
20201208,19800,20000,19050,19150,4220,266
20201209,19150,19500,19100,19400,838,-1
20201210,19450,19600,19200,19600,652,-12
20201211,19800,20200,19500,20200,5655,-7
20201214,20200,20200,19600,19600,5006,-351
20201215,19650,19850,19500,19700,2381,-166
20201216,19850,19850,19500,19700,2371,-38
20201217,19700,19850,19550,19700,3627,7
20201218,19750,20000,19650,19950,2769,19
20201221,19950,20500,19600,20300,9971,-1
20201222,20300,20350,19950,20000,12544,-1229
20201223,19950,20000,19700,19950,5598,-155
20201224,19850,20500,19750,20100,4998,-375
20201228,20300,21000,19900,20100,7991,-722
20201229,19550,19600,19250,19350,3496,-1142
20201230,19850,20750,19500,19700,4189,-164
