date,open,high,low,close,volume,roe,roa,eps,bps,sales,margin,net_margin,dps,debt_ratio,run_money,invest_money,financial_money
20110401,17500,17650,17300,17500,17929,0.98,0.17,297,30246,25.51,19.82,-129.88,150,246,2559,-1313,-1747
20110404,17750,17750,17350,17350,31811,0.98,0.17,297,30246,25.51,19.82,-129.88,150,246,2559,-1313,-1747
20110405,17500,17550,17400,17500,19347,0.98,0.17,297,30246,25.51,19.82,-129.88,150,246,2559,-1313,-1747
20110406,17500,17600,17100,17450,24832,0.98,0.17,297,30246,25.51,19.82,-129.88,150,246,2559,-1313,-1747
20110407,17300,17550,17100,17300,41482,0.98,0.17,297,30246,25.51,19.82,-129.88,150,246,2559,-1313,-1747
20110408,17650,19850,17300,19850,495110,0.98,0.17,297,30246,25.51,19.82,-129.88,150,246,2559,-1313,-1747
20110411,21000,21350,18550,18800,414199,0.98,0.17,297,30246,25.51,19.82,-129.88,150,246,2559,-1313,-1747
20110412,18900,19050,17700,17700,153615,0.98,0.17,297,30246,25.51,19.82,-129.88,150,246,2559,-1313,-1747
20110413,17750,18100,17200,17450,137769,0.98,0.17,297,30246,25.51,19.82,-129.88,150,246,2559,-1313,-1747
20110414,17450,17600,16750,17150,138207,0.98,0.17,297,30246,25.51,19.82,-129.88,150,246,2559,-1313,-1747
20110415,17250,17300,16550,16700,94981,0.98,0.17,297,30246,25.51,19.82,-129.88,150,246,2559,-1313,-1747
20110418,16800,16850,16300,16400,59309,0.98,0.17,297,30246,25.51,19.82,-129.88,150,246,2559,-1313,-1747
20110419,16300,16500,16150,16150,52079,0.98,0.17,297,30246,25.51,19.82,-129.88,150,246,2559,-1313,-1747
20110420,16200,16350,16100,16200,50738,0.98,0.17,297,30246,25.51,19.82,-129.88,150,246,2559,-1313,-1747
20110421,16350,16600,16200,16400,65364,0.98,0.17,297,30246,25.51,19.82,-129.88,150,246,2559,-1313,-1747
20110422,16500,16500,16100,16250,41668,0.98,0.17,297,30246,25.51,19.82,-129.88,150,246,2559,-1313,-1747
20110425,16300,16300,15750,16000,39720,0.98,0.17,297,30246,25.51,19.82,-129.88,150,246,2559,-1313,-1747
20110426,15800,15850,15550,15700,80351,0.98,0.17,297,30246,25.51,19.82,-129.88,150,246,2559,-1313,-1747
20110427,15650,16100,15600,15600,57754,0.98,0.17,297,30246,25.51,19.82,-129.88,150,246,2559,-1313,-1747
20110428,15600,16200,15600,16150,45970,0.98,0.17,297,30246,25.51,19.82,-129.88,150,246,2559,-1313,-1747
20110429,16150,16350,15750,15900,61481,0.98,0.17,297,30246,25.51,19.82,-129.88,150,246,2559,-1313,-1747
20110502,15850,16350,15800,16150,30321,0.98,0.17,297,30246,25.51,19.82,-129.88,150,246,2559,-1313,-1747
20110503,16150,16450,16150,16250,21725,0.98,0.17,297,30246,25.51,19.82,-129.88,150,246,2559,-1313,-1747
20110504,16200,16700,16200,16300,32819,0.98,0.17,297,30246,25.51,19.82,-129.88,150,246,2559,-1313,-1747
20110506,16350,16550,16000,16000,28488,0.98,0.17,297,30246,25.51,19.82,-129.88,150,246,2559,-1313,-1747
20110509,16050,16200,15750,16000,29643,0.98,0.17,297,30246,25.51,19.82,-129.88,150,246,2559,-1313,-1747
20110511,15950,16250,15900,15900,24834,0.98,0.17,297,30246,25.51,19.82,-129.88,150,246,2559,-1313,-1747
20110512,15800,16000,15700,15700,33626,0.98,0.17,297,30246,25.51,19.82,-129.88,150,246,2559,-1313,-1747
20110513,15800,16150,15750,16000,21392,0.98,0.17,297,30246,25.51,19.82,-129.88,150,246,2559,-1313,-1747
20110516,15900,16050,15800,15850,21677,0.98,0.17,297,30246,25.51,19.82,-129.88,150,246,2559,-1313,-1747
20110517,15800,16100,15800,15800,16274,0.98,0.17,297,30246,25.51,19.82,-129.88,150,246,2559,-1313,-1747
20110518,15800,16000,15700,15800,12558,0.98,0.17,297,30246,25.51,19.82,-129.88,150,246,2559,-1313,-1747
20110519,15800,16000,15700,15900,16825,0.98,0.17,297,30246,25.51,19.82,-129.88,150,246,2559,-1313,-1747
20110520,15850,16050,15850,15950,17178,0.98,0.17,297,30246,25.51,19.82,-129.88,150,246,2559,-1313,-1747
20110523,16100,16100,15250,15400,29501,0.98,0.17,297,30246,25.51,19.82,-129.88,150,246,2559,-1313,-1747
20110524,15200,15400,15050,15050,31431,0.98,0.17,297,30246,25.51,19.82,-129.88,150,246,2559,-1313,-1747
20110525,15000,15150,14700,15000,52058,0.98,0.17,297,30246,25.51,19.82,-129.88,150,246,2559,-1313,-1747
20110526,14700,15200,14700,15100,18561,0.98,0.17,297,30246,25.51,19.82,-129.88,150,246,2559,-1313,-1747
20110527,14950,15200,14900,15150,12840,0.98,0.17,297,30246,25.51,19.82,-129.88,150,246,2559,-1313,-1747
20110530,15250,15650,15100,15100,35217,0.98,0.17,297,30246,25.51,19.82,-129.88,150,246,2559,-1313,-1747
20110531,15200,15350,15000,15350,16253,0.98,0.17,297,30246,25.51,19.82,-129.88,150,246,2559,-1313,-1747
20110601,15350,15550,15200,15350,13266,0.98,0.17,297,30246,25.51,19.82,-129.88,150,246,2559,-1313,-1747
20110602,15000,15200,14800,14850,23116,0.98,0.17,297,30246,25.51,19.82,-129.88,150,246,2559,-1313,-1747
20110603,14950,15100,14750,14950,9313,0.98,0.17,297,30246,25.51,19.82,-129.88,150,246,2559,-1313,-1747
20110607,14800,15650,14800,15550,25801,0.98,0.17,297,30246,25.51,19.82,-129.88,150,246,2559,-1313,-1747
20110608,15750,15850,15000,15300,18841,0.98,0.17,297,30246,25.51,19.82,-129.88,150,246,2559,-1313,-1747
20110609,15150,15250,14850,14850,32951,0.98,0.17,297,30246,25.51,19.82,-129.88,150,246,2559,-1313,-1747
20110610,14850,15050,14850,14850,14426,0.98,0.17,297,30246,25.51,19.82,-129.88,150,246,2559,-1313,-1747
20110613,14950,15100,14750,14750,8878,0.98,0.17,297,30246,25.51,19.82,-129.88,150,246,2559,-1313,-1747
20110614,15000,15100,14750,14800,5431,0.98,0.17,297,30246,25.51,19.82,-129.88,150,246,2559,-1313,-1747
20110615,14950,15100,14700,14950,11602,0.98,0.17,297,30246,25.51,19.82,-129.88,150,246,2559,-1313,-1747
20110616,14950,15000,14750,14900,9055,0.98,0.17,297,30246,25.51,19.82,-129.88,150,246,2559,-1313,-1747
20110617,14950,15100,14800,15050,10242,0.98,0.17,297,30246,25.51,19.82,-129.88,150,246,2559,-1313,-1747
20110620,15050,15200,14850,15200,18771,0.98,0.17,297,30246,25.51,19.82,-129.88,150,246,2559,-1313,-1747
20110621,15250,15450,15000,15000,16704,0.98,0.17,297,30246,25.51,19.82,-129.88,150,246,2559,-1313,-1747
20110622,15000,15350,14800,15300,13691,0.98,0.17,297,30246,25.51,19.82,-129.88,150,246,2559,-1313,-1747
20110623,15300,15300,14900,15050,18995,0.98,0.17,297,30246,25.51,19.82,-129.88,150,246,2559,-1313,-1747
20110624,15050,15450,15050,15250,17976,0.98,0.17,297,30246,25.51,19.82,-129.88,150,246,2559,-1313,-1747
20110627,15350,15350,15100,15200,4471,0.98,0.17,297,30246,25.51,19.82,-129.88,150,246,2559,-1313,-1747
20110628,15200,15500,15200,15450,14012,0.98,0.17,297,30246,25.51,19.82,-129.88,150,246,2559,-1313,-1747
20110629,15450,15600,15400,15500,16833,0.98,0.17,297,30246,25.51,19.82,-129.88,150,246,2559,-1313,-1747
20110630,15700,15700,15200,15650,20700,0.98,0.17,297,30246,25.51,19.82,-129.88,150,246,2559,-1313,-1747
20110701,15700,15750,15400,15700,9330,0.98,0.17,297,30246,25.51,19.82,-129.88,150,246,2559,-1313,-1747
20110704,15800,15800,15550,15700,12435,0.98,0.17,297,30246,25.51,19.82,-129.88,150,246,2559,-1313,-1747
20110705,15700,15800,15500,15600,16647,0.98,0.17,297,30246,25.51,19.82,-129.88,150,246,2559,-1313,-1747
20110706,15800,16500,15550,16350,51160,0.98,0.17,297,30246,25.51,19.82,-129.88,150,246,2559,-1313,-1747
20110707,16350,17000,16200,16550,51201,0.98,0.17,297,30246,25.51,19.82,-129.88,150,246,2559,-1313,-1747
20110708,16550,16850,16550,16700,18610,0.98,0.17,297,30246,25.51,19.82,-129.88,150,246,2559,-1313,-1747
20110711,16700,16800,16250,16500,14281,0.98,0.17,297,30246,25.51,19.82,-129.88,150,246,2559,-1313,-1747
20110712,16100,16700,16100,16400,40320,0.98,0.17,297,30246,25.51,19.82,-129.88,150,246,2559,-1313,-1747
20110713,16200,16850,16200,16800,27978,0.98,0.17,297,30246,25.51,19.82,-129.88,150,246,2559,-1313,-1747
20110714,16800,16950,16650,16850,17111,0.98,0.17,297,30246,25.51,19.82,-129.88,150,246,2559,-1313,-1747
20110715,16750,16800,16600,16650,10592,0.98,0.17,297,30246,25.51,19.82,-129.88,150,246,2559,-1313,-1747
20110718,16600,16600,16400,16400,27792,0.98,0.17,297,30246,25.51,19.82,-129.88,150,246,2559,-1313,-1747
20110719,16400,16850,16300,16450,13494,0.98,0.17,297,30246,25.51,19.82,-129.88,150,246,2559,-1313,-1747
20110720,16550,17250,16550,17000,39226,0.98,0.17,297,30246,25.51,19.82,-129.88,150,246,2559,-1313,-1747
20110721,17000,17350,16900,17200,21188,0.98,0.17,297,30246,25.51,19.82,-129.88,150,246,2559,-1313,-1747
20110722,17100,17550,17100,17500,29916,0.98,0.17,297,30246,25.51,19.82,-129.88,150,246,2559,-1313,-1747
20110725,17500,17850,17200,17500,25322,0.98,0.17,297,30246,25.51,19.82,-129.88,150,246,2559,-1313,-1747
20110726,17300,17750,17300,17500,19860,0.98,0.17,297,30246,25.51,19.82,-129.88,150,246,2559,-1313,-1747
20110727,17700,17700,17300,17600,14462,0.98,0.17,297,30246,25.51,19.82,-129.88,150,246,2559,-1313,-1747
20110728,17300,17550,17200,17400,12000,0.98,0.17,297,30246,25.51,19.82,-129.88,150,246,2559,-1313,-1747
20110729,17250,17500,16950,17200,16551,0.98,0.17,297,30246,25.51,19.82,-129.88,150,246,2559,-1313,-1747
20110801,17400,17550,17000,17450,12461,0.98,0.17,297,30246,25.51,19.82,-129.88,150,246,2559,-1313,-1747
20110802,17450,17450,17000,17100,22140,0.98,0.17,297,30246,25.51,19.82,-129.88,150,246,2559,-1313,-1747
20110803,16800,16800,16150,16350,36488,0.98,0.17,297,30246,25.51,19.82,-129.88,150,246,2559,-1313,-1747
20110804,16350,16800,16100,16400,22970,0.98,0.17,297,30246,25.51,19.82,-129.88,150,246,2559,-1313,-1747
20110805,14950,16100,14950,16000,39622,0.98,0.17,297,30246,25.51,19.82,-129.88,150,246,2559,-1313,-1747
20110808,15800,15800,14000,14650,48604,0.98,0.17,297,30246,25.51,19.82,-129.88,150,246,2559,-1313,-1747
20110809,14000,14400,12500,13000,79149,0.98,0.17,297,30246,25.51,19.82,-129.88,150,246,2559,-1313,-1747
20110810,13700,14000,13200,13400,39469,0.98,0.17,297,30246,25.51,19.82,-129.88,150,246,2559,-1313,-1747
20110811,12950,13400,12600,13250,39514,0.98,0.17,297,30246,25.51,19.82,-129.88,150,246,2559,-1313,-1747
20110812,13550,13900,13450,13550,22774,0.98,0.17,297,30246,25.51,19.82,-129.88,150,246,2559,-1313,-1747
20110816,13800,14100,13750,13950,42467,0.98,0.17,297,30246,25.51,19.82,-129.88,150,246,2559,-1313,-1747
20110817,14000,14350,13800,14300,13268,0.98,0.17,297,30246,25.51,19.82,-129.88,150,246,2559,-1313,-1747
20110818,14150,14400,14000,14200,23623,0.98,0.17,297,30246,25.51,19.82,-129.88,150,246,2559,-1313,-1747
20110819,13850,14600,13300,14000,43917,0.98,0.17,297,30246,25.51,19.82,-129.88,150,246,2559,-1313,-1747
20110822,14000,14400,13700,14050,21090,0.98,0.17,297,30246,25.51,19.82,-129.88,150,246,2559,-1313,-1747
20110823,14100,14250,13700,14000,16555,0.98,0.17,297,30246,25.51,19.82,-129.88,150,246,2559,-1313,-1747
20110824,14200,14200,13750,13900,9410,0.98,0.17,297,30246,25.51,19.82,-129.88,150,246,2559,-1313,-1747
20110825,14150,14500,13700,13750,16150,0.98,0.17,297,30246,25.51,19.82,-129.88,150,246,2559,-1313,-1747
20110826,13700,14000,13700,14000,4177,0.98,0.17,297,30246,25.51,19.82,-129.88,150,246,2559,-1313,-1747
20110829,14000,14150,13800,14100,12492,0.98,0.17,297,30246,25.51,19.82,-129.88,150,246,2559,-1313,-1747
20110830,14350,14500,14000,14300,19921,0.98,0.17,297,30246,25.51,19.82,-129.88,150,246,2559,-1313,-1747
20110831,14600,14700,14350,14700,8742,0.98,0.17,297,30246,25.51,19.82,-129.88,150,246,2559,-1313,-1747
20110901,14550,14750,14400,14500,25331,0.98,0.17,297,30246,25.51,19.82,-129.88,150,246,2559,-1313,-1747
20110902,14700,14700,14150,14150,10570,0.98,0.17,297,30246,25.51,19.82,-129.88,150,246,2559,-1313,-1747
20110905,14100,14100,13500,13750,12970,0.98,0.17,297,30246,25.51,19.82,-129.88,150,246,2559,-1313,-1747
20110906,13550,13700,12900,13100,27551,0.98,0.17,297,30246,25.51,19.82,-129.88,150,246,2559,-1313,-1747
20110907,13250,13650,13250,13650,16165,0.98,0.17,297,30246,25.51,19.82,-129.88,150,246,2559,-1313,-1747
20110908,13650,14050,13300,13700,9518,0.98,0.17,297,30246,25.51,19.82,-129.88,150,246,2559,-1313,-1747
20110909,13550,13750,13350,13600,7160,0.98,0.17,297,30246,25.51,19.82,-129.88,150,246,2559,-1313,-1747
20110914,13400,13450,12500,12500,49358,0.98,0.17,297,30246,25.51,19.82,-129.88,150,246,2559,-1313,-1747
20110915,12800,13000,12400,12400,29833,0.98,0.17,297,30246,25.51,19.82,-129.88,150,246,2559,-1313,-1747
20110916,12600,12950,12450,12750,41708,0.98,0.17,297,30246,25.51,19.82,-129.88,150,246,2559,-1313,-1747
20110919,12600,12900,12100,12250,51852,0.98,0.17,297,30246,25.51,19.82,-129.88,150,246,2559,-1313,-1747
20110920,12100,12250,11650,12000,45345,0.98,0.17,297,30246,25.51,19.82,-129.88,150,246,2559,-1313,-1747
20110921,11900,12150,11700,12000,33763,0.98,0.17,297,30246,25.51,19.82,-129.88,150,246,2559,-1313,-1747
20110922,11900,11950,11500,11600,25560,0.98,0.17,297,30246,25.51,19.82,-129.88,150,246,2559,-1313,-1747
20110923,11150,11300,10300,10550,96219,0.98,0.17,297,30246,25.51,19.82,-129.88,150,246,2559,-1313,-1747
20110926,10600,10700,9800,9850,41929,0.98,0.17,297,30246,25.51,19.82,-129.88,150,246,2559,-1313,-1747
20110927,9700,10050,9490,9560,119999,0.98,0.17,297,30246,25.51,19.82,-129.88,150,246,2559,-1313,-1747
20110928,9650,9850,9590,9840,29244,0.98,0.17,297,30246,25.51,19.82,-129.88,150,246,2559,-1313,-1747
20110929,9740,9800,9490,9800,34068,0.98,0.17,297,30246,25.51,19.82,-129.88,150,246,2559,-1313,-1747
20110930,9820,10150,9790,10100,37480,0.98,0.17,297,30246,25.51,19.82,-129.88,150,246,2559,-1313,-1747
20111004,9250,9690,9250,9650,30425,0.98,0.17,297,30246,25.51,19.82,-129.88,150,246,2559,-1313,-1747
20111005,9650,9700,9350,9440,42438,0.98,0.17,297,30246,25.51,19.82,-129.88,150,246,2559,-1313,-1747
20111006,9620,9850,9600,9710,20910,0.98,0.17,297,30246,25.51,19.82,-129.88,150,246,2559,-1313,-1747
20111007,9900,10300,9800,10250,56789,0.98,0.17,297,30246,25.51,19.82,-129.88,150,246,2559,-1313,-1747
20111010,10350,10550,10100,10200,29361,0.98,0.17,297,30246,25.51,19.82,-129.88,150,246,2559,-1313,-1747
20111011,10500,10600,10200,10250,44714,0.98,0.17,297,30246,25.51,19.82,-129.88,150,246,2559,-1313,-1747
20111012,10300,10300,10000,10100,30990,0.98,0.17,297,30246,25.51,19.82,-129.88,150,246,2559,-1313,-1747
20111013,10250,10750,10200,10650,95712,0.98,0.17,297,30246,25.51,19.82,-129.88,150,246,2559,-1313,-1747
20111014,10500,10700,10300,10700,19961,0.98,0.17,297,30246,25.51,19.82,-129.88,150,246,2559,-1313,-1747
20111017,10850,11550,10650,11200,65943,0.98,0.17,297,30246,25.51,19.82,-129.88,150,246,2559,-1313,-1747
20111018,10900,11200,10650,10950,41198,0.98,0.17,297,30246,25.51,19.82,-129.88,150,246,2559,-1313,-1747
20111019,11200,11200,10700,10900,22871,0.98,0.17,297,30246,25.51,19.82,-129.88,150,246,2559,-1313,-1747
20111020,10900,10950,10300,10300,36858,0.98,0.17,297,30246,25.51,19.82,-129.88,150,246,2559,-1313,-1747
20111021,10300,10450,10150,10450,25299,0.98,0.17,297,30246,25.51,19.82,-129.88,150,246,2559,-1313,-1747
20111024,10600,10800,10500,10750,52315,0.98,0.17,297,30246,25.51,19.82,-129.88,150,246,2559,-1313,-1747
20111025,10750,10750,10400,10450,36914,0.98,0.17,297,30246,25.51,19.82,-129.88,150,246,2559,-1313,-1747
20111026,10200,10650,10200,10650,13210,0.98,0.17,297,30246,25.51,19.82,-129.88,150,246,2559,-1313,-1747
20111027,10700,10850,10600,10750,25483,0.98,0.17,297,30246,25.51,19.82,-129.88,150,246,2559,-1313,-1747
20111028,10950,11450,10900,11100,50625,0.98,0.17,297,30246,25.51,19.82,-129.88,150,246,2559,-1313,-1747
20111031,11200,11300,10900,11150,27944,0.98,0.17,297,30246,25.51,19.82,-129.88,150,246,2559,-1313,-1747
20111101,10700,10950,10700,10900,21976,0.98,0.17,297,30246,25.51,19.82,-129.88,150,246,2559,-1313,-1747
20111102,10550,10850,10500,10650,25601,0.98,0.17,297,30246,25.51,19.82,-129.88,150,246,2559,-1313,-1747
20111103,10850,11350,10750,10800,53014,0.98,0.17,297,30246,25.51,19.82,-129.88,150,246,2559,-1313,-1747
20111104,10850,11200,10850,11000,17198,0.98,0.17,297,30246,25.51,19.82,-129.88,150,246,2559,-1313,-1747
20111107,11100,11400,11050,11200,19428,0.98,0.17,297,30246,25.51,19.82,-129.88,150,246,2559,-1313,-1747
20111108,11350,11450,11050,11100,23881,0.98,0.17,297,30246,25.51,19.82,-129.88,150,246,2559,-1313,-1747
20111109,11200,11300,10850,10950,39098,0.98,0.17,297,30246,25.51,19.82,-129.88,150,246,2559,-1313,-1747
20111110,10650,10700,10350,10550,25348,0.98,0.17,297,30246,25.51,19.82,-129.88,150,246,2559,-1313,-1747
20111111,10550,10750,10400,10650,25109,0.98,0.17,297,30246,25.51,19.82,-129.88,150,246,2559,-1313,-1747
20111114,10800,11000,10700,10800,23167,0.98,0.17,297,30246,25.51,19.82,-129.88,150,246,2559,-1313,-1747
20111115,10650,11250,10600,11100,33016,0.98,0.17,297,30246,25.51,19.82,-129.88,150,246,2559,-1313,-1747
20111116,10950,11350,10950,11200,62245,0.98,0.17,297,30246,25.51,19.82,-129.88,150,246,2559,-1313,-1747
20111117,11350,11350,10900,11250,18785,0.98,0.17,297,30246,25.51,19.82,-129.88,150,246,2559,-1313,-1747
20111118,11200,11250,10900,11100,32372,0.98,0.17,297,30246,25.51,19.82,-129.88,150,246,2559,-1313,-1747
20111121,11100,11250,10950,11150,37035,0.98,0.17,297,30246,25.51,19.82,-129.88,150,246,2559,-1313,-1747
20111122,10950,11000,10700,10950,48393,0.98,0.17,297,30246,25.51,19.82,-129.88,150,246,2559,-1313,-1747
20111123,11000,11000,10500,10700,39841,0.98,0.17,297,30246,25.51,19.82,-129.88,150,246,2559,-1313,-1747
20111124,10500,10700,10350,10450,18082,0.98,0.17,297,30246,25.51,19.82,-129.88,150,246,2559,-1313,-1747
20111125,10350,10500,10250,10400,21050,0.98,0.17,297,30246,25.51,19.82,-129.88,150,246,2559,-1313,-1747
20111128,10450,10750,10350,10750,21611,0.98,0.17,297,30246,25.51,19.82,-129.88,150,246,2559,-1313,-1747
20111129,10900,10950,10650,10850,19200,0.98,0.17,297,30246,25.51,19.82,-129.88,150,246,2559,-1313,-1747
20111130,10950,10950,10750,10750,57213,0.98,0.17,297,30246,25.51,19.82,-129.88,150,246,2559,-1313,-1747
20111201,11100,11100,10850,10850,31794,0.98,0.17,297,30246,25.51,19.82,-129.88,150,246,2559,-1313,-1747
20111202,10950,11000,10750,10950,17901,0.98,0.17,297,30246,25.51,19.82,-129.88,150,246,2559,-1313,-1747
20111205,11050,11300,11000,11200,37480,0.98,0.17,297,30246,25.51,19.82,-129.88,150,246,2559,-1313,-1747
20111206,11150,11300,10950,11050,14013,0.98,0.17,297,30246,25.51,19.82,-129.88,150,246,2559,-1313,-1747
20111207,11150,11200,11050,11150,22295,0.98,0.17,297,30246,25.51,19.82,-129.88,150,246,2559,-1313,-1747
20111208,11150,12400,11000,11950,150676,0.98,0.17,297,30246,25.51,19.82,-129.88,150,246,2559,-1313,-1747
20111209,12000,12350,11850,12000,96803,0.98,0.17,297,30246,25.51,19.82,-129.88,150,246,2559,-1313,-1747
20111212,12000,12000,11600,11650,56720,0.98,0.17,297,30246,25.51,19.82,-129.88,150,246,2559,-1313,-1747
20111213,11650,11650,10950,11050,52379,0.98,0.17,297,30246,25.51,19.82,-129.88,150,246,2559,-1313,-1747
20111214,11050,11400,11000,11350,24053,0.98,0.17,297,30246,25.51,19.82,-129.88,150,246,2559,-1313,-1747
20111215,11200,11500,11000,11300,27182,0.98,0.17,297,30246,25.51,19.82,-129.88,150,246,2559,-1313,-1747
20111216,11300,11450,11100,11350,25501,0.98,0.17,297,30246,25.51,19.82,-129.88,150,246,2559,-1313,-1747
20111219,11200,11300,10400,10600,45118,0.98,0.17,297,30246,25.51,19.82,-129.88,150,246,2559,-1313,-1747
20111220,10500,10850,10500,10800,18842,0.98,0.17,297,30246,25.51,19.82,-129.88,150,246,2559,-1313,-1747
20111221,11050,11050,10800,10850,19330,0.98,0.17,297,30246,25.51,19.82,-129.88,150,246,2559,-1313,-1747
20111222,10950,11150,10750,11100,8162,0.98,0.17,297,30246,25.51,19.82,-129.88,150,246,2559,-1313,-1747
20111223,11150,11400,11100,11350,25944,0.98,0.17,297,30246,25.51,19.82,-129.88,150,246,2559,-1313,-1747
20111226,11350,11450,11150,11300,8453,0.98,0.17,297,30246,25.51,19.82,-129.88,150,246,2559,-1313,-1747
20111227,11200,11350,11050,11150,45509,0.98,0.17,297,30246,25.51,19.82,-129.88,150,246,2559,-1313,-1747
20111228,10650,11150,10650,10750,10530,0.98,0.17,297,30246,25.51,19.82,-129.88,150,246,2559,-1313,-1747
20111229,10600,10750,10550,10750,11685,0.98,0.17,297,30246,25.51,19.82,-129.88,150,246,2559,-1313,-1747
20120102,10700,11000,10700,10800,4611,2.43,0.45,729,30060,11.67,3.44,-93.97,350,229,488,1258,-2354
20120103,10800,11050,10750,11050,10792,2.43,0.45,729,30060,11.67,3.44,-93.97,350,229,488,1258,-2354
20120104,11100,11100,10800,10800,13056,2.43,0.45,729,30060,11.67,3.44,-93.97,350,229,488,1258,-2354
20120105,10950,11000,10650,10900,14559,2.43,0.45,729,30060,11.67,3.44,-93.97,350,229,488,1258,-2354
20120106,10900,10900,10500,10700,41088,2.43,0.45,729,30060,11.67,3.44,-93.97,350,229,488,1258,-2354
20120109,10700,10800,10500,10750,8730,2.43,0.45,729,30060,11.67,3.44,-93.97,350,229,488,1258,-2354
20120110,10500,11000,10500,11000,40073,2.43,0.45,729,30060,11.67,3.44,-93.97,350,229,488,1258,-2354
20120111,10950,11200,10800,11150,27763,2.43,0.45,729,30060,11.67,3.44,-93.97,350,229,488,1258,-2354
20120112,11100,11250,11100,11100,10964,2.43,0.45,729,30060,11.67,3.44,-93.97,350,229,488,1258,-2354
20120113,11200,11200,11000,11150,11155,2.43,0.45,729,30060,11.67,3.44,-93.97,350,229,488,1258,-2354
20120116,11150,11150,10900,10950,11561,2.43,0.45,729,30060,11.67,3.44,-93.97,350,229,488,1258,-2354
20120117,11000,11300,11000,11150,21162,2.43,0.45,729,30060,11.67,3.44,-93.97,350,229,488,1258,-2354
20120118,11200,11450,10750,10800,62139,2.43,0.45,729,30060,11.67,3.44,-93.97,350,229,488,1258,-2354
20120119,10800,10950,10700,10750,29590,2.43,0.45,729,30060,11.67,3.44,-93.97,350,229,488,1258,-2354
20120120,10700,11000,10650,10950,25196,2.43,0.45,729,30060,11.67,3.44,-93.97,350,229,488,1258,-2354
20120125,11000,11200,10750,11150,23319,2.43,0.45,729,30060,11.67,3.44,-93.97,350,229,488,1258,-2354
20120126,11200,11350,10950,11300,52338,2.43,0.45,729,30060,11.67,3.44,-93.97,350,229,488,1258,-2354
20120127,11300,11450,11100,11450,24728,2.43,0.45,729,30060,11.67,3.44,-93.97,350,229,488,1258,-2354
20120130,11500,11950,11450,11500,40530,2.43,0.45,729,30060,11.67,3.44,-93.97,350,229,488,1258,-2354
20120131,11350,11800,11350,11700,23918,2.43,0.45,729,30060,11.67,3.44,-93.97,350,229,488,1258,-2354
20120201,11800,11850,11500,11800,25252,2.43,0.45,729,30060,11.67,3.44,-93.97,350,229,488,1258,-2354
20120202,11800,12350,11800,12000,51654,2.43,0.45,729,30060,11.67,3.44,-93.97,350,229,488,1258,-2354
20120203,12000,12300,11900,12000,18201,2.43,0.45,729,30060,11.67,3.44,-93.97,350,229,488,1258,-2354
20120206,12300,12300,11900,12100,34701,2.43,0.45,729,30060,11.67,3.44,-93.97,350,229,488,1258,-2354
20120207,12050,12300,11900,12150,37474,2.43,0.45,729,30060,11.67,3.44,-93.97,350,229,488,1258,-2354
20120208,12150,12150,11900,12100,18586,2.43,0.45,729,30060,11.67,3.44,-93.97,350,229,488,1258,-2354
20120209,12050,12200,11900,12100,37174,2.43,0.45,729,30060,11.67,3.44,-93.97,350,229,488,1258,-2354
20120210,12050,12200,11600,11700,74350,2.43,0.45,729,30060,11.67,3.44,-93.97,350,229,488,1258,-2354
20120213,11700,11950,11550,11700,63901,2.43,0.45,729,30060,11.67,3.44,-93.97,350,229,488,1258,-2354
20120214,11850,11850,11650,11800,14341,2.43,0.45,729,30060,11.67,3.44,-93.97,350,229,488,1258,-2354
20120215,11700,11850,11650,11700,19438,2.43,0.45,729,30060,11.67,3.44,-93.97,350,229,488,1258,-2354
20120216,11550,11750,11500,11500,16826,2.43,0.45,729,30060,11.67,3.44,-93.97,350,229,488,1258,-2354
20120217,11550,11800,11500,11750,21358,2.43,0.45,729,30060,11.67,3.44,-93.97,350,229,488,1258,-2354
20120220,11750,12250,11750,12100,48181,2.43,0.45,729,30060,11.67,3.44,-93.97,350,229,488,1258,-2354
20120221,12000,12550,12000,12100,51853,2.43,0.45,729,30060,11.67,3.44,-93.97,350,229,488,1258,-2354
20120222,12100,12300,11900,12050,32988,2.43,0.45,729,30060,11.67,3.44,-93.97,350,229,488,1258,-2354
20120223,11950,12150,11900,12050,24892,2.43,0.45,729,30060,11.67,3.44,-93.97,350,229,488,1258,-2354
20120224,12000,12250,11900,12100,52611,2.43,0.45,729,30060,11.67,3.44,-93.97,350,229,488,1258,-2354
20120227,12150,12150,11950,12000,19083,2.43,0.45,729,30060,11.67,3.44,-93.97,350,229,488,1258,-2354
20120228,11950,12000,11750,11800,24135,2.43,0.45,729,30060,11.67,3.44,-93.97,350,229,488,1258,-2354
20120229,11950,12250,11750,12000,32581,2.43,0.45,729,30060,11.67,3.44,-93.97,350,229,488,1258,-2354
20120302,12150,12150,12000,12000,26521,2.43,0.45,729,30060,11.67,3.44,-93.97,350,229,488,1258,-2354
20120305,11900,12150,11850,11900,17763,2.43,0.45,729,30060,11.67,3.44,-93.97,350,229,488,1258,-2354
20120306,11900,12000,11750,11800,37175,2.43,0.45,729,30060,11.67,3.44,-93.97,350,229,488,1258,-2354
20120307,11650,12000,11600,11750,40718,2.43,0.45,729,30060,11.67,3.44,-93.97,350,229,488,1258,-2354
20120308,11800,11950,11550,11550,33376,2.43,0.45,729,30060,11.67,3.44,-93.97,350,229,488,1258,-2354
20120309,11650,11700,11550,11550,12301,2.43,0.45,729,30060,11.67,3.44,-93.97,350,229,488,1258,-2354
20120312,11550,11650,11400,11450,20549,2.43,0.45,729,30060,11.67,3.44,-93.97,350,229,488,1258,-2354
20120313,11450,11650,11400,11600,17354,2.43,0.45,729,30060,11.67,3.44,-93.97,350,229,488,1258,-2354
20120314,11600,11800,11600,11700,25000,2.43,0.45,729,30060,11.67,3.44,-93.97,350,229,488,1258,-2354
20120315,11700,11800,11650,11750,18710,2.43,0.45,729,30060,11.67,3.44,-93.97,350,229,488,1258,-2354
20120316,11750,11800,11500,11800,22833,2.43,0.45,729,30060,11.67,3.44,-93.97,350,229,488,1258,-2354
20120319,11800,11800,11650,11700,14997,2.43,0.45,729,30060,11.67,3.44,-93.97,350,229,488,1258,-2354
20120320,11700,11850,11550,11750,14820,2.43,0.45,729,30060,11.67,3.44,-93.97,350,229,488,1258,-2354
20120321,11750,11750,11500,11600,12762,2.43,0.45,729,30060,11.67,3.44,-93.97,350,229,488,1258,-2354
20120322,11600,11600,11400,11400,8543,2.43,0.45,729,30060,11.67,3.44,-93.97,350,229,488,1258,-2354
20120323,11300,11500,11250,11500,5974,2.43,0.45,729,30060,11.67,3.44,-93.97,350,229,488,1258,-2354
20120326,11450,11500,11300,11500,10033,2.43,0.45,729,30060,11.67,3.44,-93.97,350,229,488,1258,-2354
20120327,11350,11450,11200,11450,14892,2.43,0.45,729,30060,11.67,3.44,-93.97,350,229,488,1258,-2354
20120328,11300,11450,11200,11450,15783,2.43,0.45,729,30060,11.67,3.44,-93.97,350,229,488,1258,-2354
20120329,11450,11450,11050,11250,22022,2.43,0.45,729,30060,11.67,3.44,-93.97,350,229,488,1258,-2354
20120330,11250,11300,11100,11300,10831,2.43,0.45,729,30060,11.67,3.44,-93.97,350,229,488,1258,-2354
20120402,11200,11450,11200,11350,11437,2.43,0.45,729,30060,11.67,3.44,-93.97,350,229,488,1258,-2354
20120403,11300,11400,11150,11400,11130,2.43,0.45,729,30060,11.67,3.44,-93.97,350,229,488,1258,-2354
20120404,11350,11350,11000,11200,16744,2.43,0.45,729,30060,11.67,3.44,-93.97,350,229,488,1258,-2354
20120405,10950,11200,10850,11150,16418,2.43,0.45,729,30060,11.67,3.44,-93.97,350,229,488,1258,-2354
20120406,10950,11200,10900,11200,9780,2.43,0.45,729,30060,11.67,3.44,-93.97,350,229,488,1258,-2354
20120409,11000,11150,10750,11000,12731,2.43,0.45,729,30060,11.67,3.44,-93.97,350,229,488,1258,-2354
20120410,11000,11000,10850,11000,7281,2.43,0.45,729,30060,11.67,3.44,-93.97,350,229,488,1258,-2354
20120412,11000,11000,10800,11000,4362,2.43,0.45,729,30060,11.67,3.44,-93.97,350,229,488,1258,-2354
20120413,10900,11050,10800,10950,12798,2.43,0.45,729,30060,11.67,3.44,-93.97,350,229,488,1258,-2354
20120416,10950,11200,10850,11150,11770,2.43,0.45,729,30060,11.67,3.44,-93.97,350,229,488,1258,-2354
20120417,11200,11450,11100,11200,15403,2.43,0.45,729,30060,11.67,3.44,-93.97,350,229,488,1258,-2354
20120418,11350,11350,11050,11300,18478,2.43,0.45,729,30060,11.67,3.44,-93.97,350,229,488,1258,-2354
20120419,11250,11300,11200,11250,8806,2.43,0.45,729,30060,11.67,3.44,-93.97,350,229,488,1258,-2354
20120420,11250,11300,11050,11250,10971,2.43,0.45,729,30060,11.67,3.44,-93.97,350,229,488,1258,-2354
20120423,11150,11300,11100,11300,11152,2.43,0.45,729,30060,11.67,3.44,-93.97,350,229,488,1258,-2354
20120424,11300,11550,11100,11350,23405,2.43,0.45,729,30060,11.67,3.44,-93.97,350,229,488,1258,-2354
20120425,11400,11400,10650,10650,48649,2.43,0.45,729,30060,11.67,3.44,-93.97,350,229,488,1258,-2354
20120426,10750,10850,10500,10600,15857,2.43,0.45,729,30060,11.67,3.44,-93.97,350,229,488,1258,-2354
20120427,10600,10700,10500,10650,6427,2.43,0.45,729,30060,11.67,3.44,-93.97,350,229,488,1258,-2354
20120430,10650,10650,10350,10550,12061,2.43,0.45,729,30060,11.67,3.44,-93.97,350,229,488,1258,-2354
20120502,10450,10550,10400,10450,5420,2.43,0.45,729,30060,11.67,3.44,-93.97,350,229,488,1258,-2354
20120503,10400,10600,10300,10400,10322,2.43,0.45,729,30060,11.67,3.44,-93.97,350,229,488,1258,-2354
20120504,10250,10400,10250,10400,7337,2.43,0.45,729,30060,11.67,3.44,-93.97,350,229,488,1258,-2354
20120507,10300,10350,10150,10150,7718,2.43,0.45,729,30060,11.67,3.44,-93.97,350,229,488,1258,-2354
20120508,10000,10450,10000,10250,14541,2.43,0.45,729,30060,11.67,3.44,-93.97,350,229,488,1258,-2354
20120509,10200,10750,10200,10400,10756,2.43,0.45,729,30060,11.67,3.44,-93.97,350,229,488,1258,-2354
20120510,10300,10500,10200,10400,8410,2.43,0.45,729,30060,11.67,3.44,-93.97,350,229,488,1258,-2354
20120511,10450,10500,10250,10400,6331,2.43,0.45,729,30060,11.67,3.44,-93.97,350,229,488,1258,-2354
20120514,10400,10400,9980,10100,15610,2.43,0.45,729,30060,11.67,3.44,-93.97,350,229,488,1258,-2354
20120515,9830,10350,9830,10250,18240,2.43,0.45,729,30060,11.67,3.44,-93.97,350,229,488,1258,-2354
20120516,10250,10300,9930,10250,15335,2.43,0.45,729,30060,11.67,3.44,-93.97,350,229,488,1258,-2354
20120517,10300,10300,9920,9960,13809,2.43,0.45,729,30060,11.67,3.44,-93.97,350,229,488,1258,-2354
20120518,9910,9990,9250,9590,17491,2.43,0.45,729,30060,11.67,3.44,-93.97,350,229,488,1258,-2354
20120521,9630,9630,9400,9570,13375,2.43,0.45,729,30060,11.67,3.44,-93.97,350,229,488,1258,-2354
20120522,9580,9650,9400,9530,10345,2.43,0.45,729,30060,11.67,3.44,-93.97,350,229,488,1258,-2354
20120523,9340,9630,9310,9400,12019,2.43,0.45,729,30060,11.67,3.44,-93.97,350,229,488,1258,-2354
20120524,9400,9440,9010,9270,31062,2.43,0.45,729,30060,11.67,3.44,-93.97,350,229,488,1258,-2354
20120525,9200,9230,9070,9230,13179,2.43,0.45,729,30060,11.67,3.44,-93.97,350,229,488,1258,-2354
20120529,9290,9300,9190,9260,16354,2.43,0.45,729,30060,11.67,3.44,-93.97,350,229,488,1258,-2354
20120530,9120,9280,9120,9120,7597,2.43,0.45,729,30060,11.67,3.44,-93.97,350,229,488,1258,-2354
20120531,9080,9170,8970,9030,12742,2.43,0.45,729,30060,11.67,3.44,-93.97,350,229,488,1258,-2354
20120601,9010,9090,8980,9000,24132,2.43,0.45,729,30060,11.67,3.44,-93.97,350,229,488,1258,-2354
20120604,8900,8900,8710,8800,13267,2.43,0.45,729,30060,11.67,3.44,-93.97,350,229,488,1258,-2354
20120605,8750,8980,8750,8960,8712,2.43,0.45,729,30060,11.67,3.44,-93.97,350,229,488,1258,-2354
20120607,9010,9170,9000,9000,8382,2.43,0.45,729,30060,11.67,3.44,-93.97,350,229,488,1258,-2354
20120608,8940,9130,8940,9060,7184,2.43,0.45,729,30060,11.67,3.44,-93.97,350,229,488,1258,-2354
20120611,9100,9130,9010,9050,6710,2.43,0.45,729,30060,11.67,3.44,-93.97,350,229,488,1258,-2354
20120612,9030,9070,8690,8750,30710,2.43,0.45,729,30060,11.67,3.44,-93.97,350,229,488,1258,-2354
20120613,8820,8880,8770,8850,7923,2.43,0.45,729,30060,11.67,3.44,-93.97,350,229,488,1258,-2354
20120614,8890,9080,8850,9080,12926,2.43,0.45,729,30060,11.67,3.44,-93.97,350,229,488,1258,-2354
20120615,9110,9370,9000,9370,17923,2.43,0.45,729,30060,11.67,3.44,-93.97,350,229,488,1258,-2354
20120618,9400,9800,9360,9690,21090,2.43,0.45,729,30060,11.67,3.44,-93.97,350,229,488,1258,-2354
20120619,9730,9740,9500,9680,6959,2.43,0.45,729,30060,11.67,3.44,-93.97,350,229,488,1258,-2354
20120620,9730,9730,9560,9680,185590,2.43,0.45,729,30060,11.67,3.44,-93.97,350,229,488,1258,-2354
20120621,9680,9970,9620,9920,7483,2.43,0.45,729,30060,11.67,3.44,-93.97,350,229,488,1258,-2354
20120622,9710,9890,9650,9650,19802,2.43,0.45,729,30060,11.67,3.44,-93.97,350,229,488,1258,-2354
20120625,9520,9730,9330,9430,10033,2.43,0.45,729,30060,11.67,3.44,-93.97,350,229,488,1258,-2354
20120626,9490,9490,9250,9260,17487,2.43,0.45,729,30060,11.67,3.44,-93.97,350,229,488,1258,-2354
20120627,9230,9390,9200,9380,5477,2.43,0.45,729,30060,11.67,3.44,-93.97,350,229,488,1258,-2354
20120628,9320,9440,9320,9360,3661,2.43,0.45,729,30060,11.67,3.44,-93.97,350,229,488,1258,-2354
20120629,9270,9510,9260,9370,4460,2.43,0.45,729,30060,11.67,3.44,-93.97,350,229,488,1258,-2354
20120702,9260,9480,9260,9370,6723,2.43,0.45,729,30060,11.67,3.44,-93.97,350,229,488,1258,-2354
20120703,9330,9510,9330,9470,7520,2.43,0.45,729,30060,11.67,3.44,-93.97,350,229,488,1258,-2354
20120704,9560,9560,9400,9470,6332,2.43,0.45,729,30060,11.67,3.44,-93.97,350,229,488,1258,-2354
20120705,9540,9540,9380,9430,4031,2.43,0.45,729,30060,11.67,3.44,-93.97,350,229,488,1258,-2354
20120706,9320,9480,9300,9310,7187,2.43,0.45,729,30060,11.67,3.44,-93.97,350,229,488,1258,-2354
20120709,9390,9400,9300,9310,3562,2.43,0.45,729,30060,11.67,3.44,-93.97,350,229,488,1258,-2354
20120710,9220,9370,9190,9210,9764,2.43,0.45,729,30060,11.67,3.44,-93.97,350,229,488,1258,-2354
20120711,9210,9220,9110,9200,6824,2.43,0.45,729,30060,11.67,3.44,-93.97,350,229,488,1258,-2354
20120712,9120,9210,8860,9120,19919,2.43,0.45,729,30060,11.67,3.44,-93.97,350,229,488,1258,-2354
20120713,8960,9160,8960,9040,6708,2.43,0.45,729,30060,11.67,3.44,-93.97,350,229,488,1258,-2354
20120716,9070,9170,8950,9120,5828,2.43,0.45,729,30060,11.67,3.44,-93.97,350,229,488,1258,-2354
20120717,9100,9150,9010,9070,7645,2.43,0.45,729,30060,11.67,3.44,-93.97,350,229,488,1258,-2354
20120718,9050,9140,9010,9100,7260,2.43,0.45,729,30060,11.67,3.44,-93.97,350,229,488,1258,-2354
20120719,9130,9170,9080,9100,3891,2.43,0.45,729,30060,11.67,3.44,-93.97,350,229,488,1258,-2354
20120720,9110,9160,9060,9070,4730,2.43,0.45,729,30060,11.67,3.44,-93.97,350,229,488,1258,-2354
20120723,9060,9060,8910,8920,6298,2.43,0.45,729,30060,11.67,3.44,-93.97,350,229,488,1258,-2354
20120724,8770,9090,8770,8910,6504,2.43,0.45,729,30060,11.67,3.44,-93.97,350,229,488,1258,-2354
20120725,8760,8880,8710,8840,13522,2.43,0.45,729,30060,11.67,3.44,-93.97,350,229,488,1258,-2354
20120726,8720,9100,8720,9000,6102,2.43,0.45,729,30060,11.67,3.44,-93.97,350,229,488,1258,-2354
20120727,8970,9090,8970,9000,21733,2.43,0.45,729,30060,11.67,3.44,-93.97,350,229,488,1258,-2354
20120730,9110,9110,9010,9100,6672,2.43,0.45,729,30060,11.67,3.44,-93.97,350,229,488,1258,-2354
20120731,9060,9190,9000,9170,10580,2.43,0.45,729,30060,11.67,3.44,-93.97,350,229,488,1258,-2354
20120801,9170,9190,9070,9160,7580,2.43,0.45,729,30060,11.67,3.44,-93.97,350,229,488,1258,-2354
20120802,9180,9180,9080,9100,6584,2.43,0.45,729,30060,11.67,3.44,-93.97,350,229,488,1258,-2354
20120803,9080,9100,9000,9090,4388,2.43,0.45,729,30060,11.67,3.44,-93.97,350,229,488,1258,-2354
20120806,9090,9150,9030,9110,5164,2.43,0.45,729,30060,11.67,3.44,-93.97,350,229,488,1258,-2354
20120807,9010,9110,9010,9110,14172,2.43,0.45,729,30060,11.67,3.44,-93.97,350,229,488,1258,-2354
20120808,9040,9460,9040,9450,28479,2.43,0.45,729,30060,11.67,3.44,-93.97,350,229,488,1258,-2354
20120809,9480,9840,9380,9840,32152,2.43,0.45,729,30060,11.67,3.44,-93.97,350,229,488,1258,-2354
20120810,9840,9890,9690,9810,34592,2.43,0.45,729,30060,11.67,3.44,-93.97,350,229,488,1258,-2354
20120813,9990,9990,9710,9980,30353,2.43,0.45,729,30060,11.67,3.44,-93.97,350,229,488,1258,-2354
20120814,9970,10800,9970,10350,57082,2.43,0.45,729,30060,11.67,3.44,-93.97,350,229,488,1258,-2354
20120816,10300,10350,10150,10250,9477,2.43,0.45,729,30060,11.67,3.44,-93.97,350,229,488,1258,-2354
20120817,10250,10450,9990,10100,35899,2.43,0.45,729,30060,11.67,3.44,-93.97,350,229,488,1258,-2354
20120820,10100,10150,9870,9940,26664,2.43,0.45,729,30060,11.67,3.44,-93.97,350,229,488,1258,-2354
20120821,9930,10100,9880,10100,22890,2.43,0.45,729,30060,11.67,3.44,-93.97,350,229,488,1258,-2354
20120822,10150,10500,10000,10400,21535,2.43,0.45,729,30060,11.67,3.44,-93.97,350,229,488,1258,-2354
20120823,10400,10550,10050,10200,15011,2.43,0.45,729,30060,11.67,3.44,-93.97,350,229,488,1258,-2354
20120824,10250,10400,10050,10250,8281,2.43,0.45,729,30060,11.67,3.44,-93.97,350,229,488,1258,-2354
20120827,10250,10600,10200,10550,24942,2.43,0.45,729,30060,11.67,3.44,-93.97,350,229,488,1258,-2354
20120828,10450,10550,10150,10200,13771,2.43,0.45,729,30060,11.67,3.44,-93.97,350,229,488,1258,-2354
20120829,10250,10300,10150,10300,6673,2.43,0.45,729,30060,11.67,3.44,-93.97,350,229,488,1258,-2354
20120830,10200,10300,10100,10150,7620,2.43,0.45,729,30060,11.67,3.44,-93.97,350,229,488,1258,-2354
20120831,10100,10350,9980,9980,7925,2.43,0.45,729,30060,11.67,3.44,-93.97,350,229,488,1258,-2354
20120903,9980,10200,9840,10100,14821,2.43,0.45,729,30060,11.67,3.44,-93.97,350,229,488,1258,-2354
20120904,10100,10300,10000,10300,14933,2.43,0.45,729,30060,11.67,3.44,-93.97,350,229,488,1258,-2354
20120905,10100,10500,10100,10400,42584,2.43,0.45,729,30060,11.67,3.44,-93.97,350,229,488,1258,-2354
20120906,10500,10550,10150,10250,28752,2.43,0.45,729,30060,11.67,3.44,-93.97,350,229,488,1258,-2354
20120907,10450,10500,10200,10500,10772,2.43,0.45,729,30060,11.67,3.44,-93.97,350,229,488,1258,-2354
20120910,10500,10500,10200,10400,10312,2.43,0.45,729,30060,11.67,3.44,-93.97,350,229,488,1258,-2354
20120911,10250,10350,10050,10050,16046,2.43,0.45,729,30060,11.67,3.44,-93.97,350,229,488,1258,-2354
20120912,10100,10200,10000,10150,16876,2.43,0.45,729,30060,11.67,3.44,-93.97,350,229,488,1258,-2354
20120913,10150,10300,10100,10100,38074,2.43,0.45,729,30060,11.67,3.44,-93.97,350,229,488,1258,-2354
20120914,10350,10350,10100,10150,35750,2.43,0.45,729,30060,11.67,3.44,-93.97,350,229,488,1258,-2354
20120917,10250,10450,10150,10250,18449,2.43,0.45,729,30060,11.67,3.44,-93.97,350,229,488,1258,-2354
20120918,10200,10350,10150,10250,8637,2.43,0.45,729,30060,11.67,3.44,-93.97,350,229,488,1258,-2354
20120919,10250,10350,10150,10300,24962,2.43,0.45,729,30060,11.67,3.44,-93.97,350,229,488,1258,-2354
20120920,10250,10350,10200,10350,16441,2.43,0.45,729,30060,11.67,3.44,-93.97,350,229,488,1258,-2354
20120921,10350,10550,10250,10500,45419,2.43,0.45,729,30060,11.67,3.44,-93.97,350,229,488,1258,-2354
20120924,10600,10850,10450,10650,98878,2.43,0.45,729,30060,11.67,3.44,-93.97,350,229,488,1258,-2354
20120925,10600,10700,10500,10500,20336,2.43,0.45,729,30060,11.67,3.44,-93.97,350,229,488,1258,-2354
20120926,10500,10500,10350,10500,9662,2.43,0.45,729,30060,11.67,3.44,-93.97,350,229,488,1258,-2354
20120927,10450,10450,10250,10350,17290,2.43,0.45,729,30060,11.67,3.44,-93.97,350,229,488,1258,-2354
20120928,10300,10400,10200,10300,18129,2.43,0.45,729,30060,11.67,3.44,-93.97,350,229,488,1258,-2354
20121002,10350,10350,10150,10200,24253,2.43,0.45,729,30060,11.67,3.44,-93.97,350,229,488,1258,-2354
20121004,10150,10200,10000,10150,26937,2.43,0.45,729,30060,11.67,3.44,-93.97,350,229,488,1258,-2354
20121005,10250,10300,10100,10200,24203,2.43,0.45,729,30060,11.67,3.44,-93.97,350,229,488,1258,-2354
20121008,10200,10300,10150,10200,12720,2.43,0.45,729,30060,11.67,3.44,-93.97,350,229,488,1258,-2354
20121009,10250,10950,10250,10750,95233,2.43,0.45,729,30060,11.67,3.44,-93.97,350,229,488,1258,-2354
20121010,10550,11000,10550,10800,27668,2.43,0.45,729,30060,11.67,3.44,-93.97,350,229,488,1258,-2354
20121011,10750,10850,10600,10700,21846,2.43,0.45,729,30060,11.67,3.44,-93.97,350,229,488,1258,-2354
20121012,10600,10800,10600,10800,24909,2.43,0.45,729,30060,11.67,3.44,-93.97,350,229,488,1258,-2354
20121015,10800,12400,10750,12400,837069,2.43,0.45,729,30060,11.67,3.44,-93.97,350,229,488,1258,-2354
20121016,13200,13400,12350,12650,435307,2.43,0.45,729,30060,11.67,3.44,-93.97,350,229,488,1258,-2354
20121017,12700,13200,12350,13200,197325,2.43,0.45,729,30060,11.67,3.44,-93.97,350,229,488,1258,-2354
20121018,13450,13600,12800,12850,142926,2.43,0.45,729,30060,11.67,3.44,-93.97,350,229,488,1258,-2354
20121019,12700,13150,12450,13050,91066,2.43,0.45,729,30060,11.67,3.44,-93.97,350,229,488,1258,-2354
20121022,12900,13250,12650,12800,115000,2.43,0.45,729,30060,11.67,3.44,-93.97,350,229,488,1258,-2354
20121023,13100,13100,12600,12700,78810,2.43,0.45,729,30060,11.67,3.44,-93.97,350,229,488,1258,-2354
20121024,12600,13350,12600,13000,159284,2.43,0.45,729,30060,11.67,3.44,-93.97,350,229,488,1258,-2354
20121025,13100,14800,13100,13900,520929,2.43,0.45,729,30060,11.67,3.44,-93.97,350,229,488,1258,-2354
20121026,14000,14700,13400,13400,271518,2.43,0.45,729,30060,11.67,3.44,-93.97,350,229,488,1258,-2354
20121029,13550,14100,13300,13650,136960,2.43,0.45,729,30060,11.67,3.44,-93.97,350,229,488,1258,-2354
20121030,13750,13950,13450,13700,72997,2.43,0.45,729,30060,11.67,3.44,-93.97,350,229,488,1258,-2354
20121031,13700,14000,13400,14000,108704,2.43,0.45,729,30060,11.67,3.44,-93.97,350,229,488,1258,-2354
20121101,14000,14550,13500,14450,157274,2.43,0.45,729,30060,11.67,3.44,-93.97,350,229,488,1258,-2354
20121102,14700,15750,14650,15250,203688,2.43,0.45,729,30060,11.67,3.44,-93.97,350,229,488,1258,-2354
20121105,15450,16150,15200,16150,142405,2.43,0.45,729,30060,11.67,3.44,-93.97,350,229,488,1258,-2354
20121106,16150,16400,15700,15900,106477,2.43,0.45,729,30060,11.67,3.44,-93.97,350,229,488,1258,-2354
20121107,15700,15800,15150,15600,111191,2.43,0.45,729,30060,11.67,3.44,-93.97,350,229,488,1258,-2354
20121108,15350,16950,15300,16900,167103,2.43,0.45,729,30060,11.67,3.44,-93.97,350,229,488,1258,-2354
20121109,17000,17400,16400,16750,143197,2.43,0.45,729,30060,11.67,3.44,-93.97,350,229,488,1258,-2354
20121112,16800,17800,16600,17650,143599,2.43,0.45,729,30060,11.67,3.44,-93.97,350,229,488,1258,-2354
20121113,17800,18100,17250,17750,109619,2.43,0.45,729,30060,11.67,3.44,-93.97,350,229,488,1258,-2354
20121114,18000,18000,16100,16150,208084,2.43,0.45,729,30060,11.67,3.44,-93.97,350,229,488,1258,-2354
20121115,15950,16750,15300,16400,175003,2.43,0.45,729,30060,11.67,3.44,-93.97,350,229,488,1258,-2354
20121116,16800,16800,15400,15700,94925,2.43,0.45,729,30060,11.67,3.44,-93.97,350,229,488,1258,-2354
20121119,15900,16500,15750,16500,63729,2.43,0.45,729,30060,11.67,3.44,-93.97,350,229,488,1258,-2354
20121120,16600,16950,15900,16500,63253,2.43,0.45,729,30060,11.67,3.44,-93.97,350,229,488,1258,-2354
20121121,16450,16650,16000,16150,52905,2.43,0.45,729,30060,11.67,3.44,-93.97,350,229,488,1258,-2354
20121122,16350,16350,15900,15900,49686,2.43,0.45,729,30060,11.67,3.44,-93.97,350,229,488,1258,-2354
20121123,15900,16400,15350,16350,103130,2.43,0.45,729,30060,11.67,3.44,-93.97,350,229,488,1258,-2354
20121126,16400,16600,15800,15800,36349,2.43,0.45,729,30060,11.67,3.44,-93.97,350,229,488,1258,-2354
20121127,15700,16300,15050,15100,117352,2.43,0.45,729,30060,11.67,3.44,-93.97,350,229,488,1258,-2354
20121128,15200,15800,15200,15550,55970,2.43,0.45,729,30060,11.67,3.44,-93.97,350,229,488,1258,-2354
20121129,15750,15750,15100,15400,42733,2.43,0.45,729,30060,11.67,3.44,-93.97,350,229,488,1258,-2354
20121130,15200,15550,14750,14950,52626,2.43,0.45,729,30060,11.67,3.44,-93.97,350,229,488,1258,-2354
20121203,14850,15050,14150,14300,98396,2.43,0.45,729,30060,11.67,3.44,-93.97,350,229,488,1258,-2354
20121204,14300,14550,14150,14450,47097,2.43,0.45,729,30060,11.67,3.44,-93.97,350,229,488,1258,-2354
20121205,14250,14950,14250,14900,66757,2.43,0.45,729,30060,11.67,3.44,-93.97,350,229,488,1258,-2354
20121206,15100,15100,13600,14150,101565,2.43,0.45,729,30060,11.67,3.44,-93.97,350,229,488,1258,-2354
20121207,14100,14200,13650,13950,49815,2.43,0.45,729,30060,11.67,3.44,-93.97,350,229,488,1258,-2354
20121210,13850,14550,13850,14400,29261,2.43,0.45,729,30060,11.67,3.44,-93.97,350,229,488,1258,-2354
20121211,14450,14450,13950,14000,29977,2.43,0.45,729,30060,11.67,3.44,-93.97,350,229,488,1258,-2354
20121212,14150,14400,13800,13950,34440,2.43,0.45,729,30060,11.67,3.44,-93.97,350,229,488,1258,-2354
20121213,13850,14450,13850,14400,43694,2.43,0.45,729,30060,11.67,3.44,-93.97,350,229,488,1258,-2354
20121214,14400,14700,14200,14700,31388,2.43,0.45,729,30060,11.67,3.44,-93.97,350,229,488,1258,-2354
20121217,14800,14900,14350,14800,32322,2.43,0.45,729,30060,11.67,3.44,-93.97,350,229,488,1258,-2354
20121218,14900,15000,14450,14800,39971,2.43,0.45,729,30060,11.67,3.44,-93.97,350,229,488,1258,-2354
20121220,14950,15900,14700,15650,114057,2.43,0.45,729,30060,11.67,3.44,-93.97,350,229,488,1258,-2354
20121221,15750,16450,15700,16350,128189,2.43,0.45,729,30060,11.67,3.44,-93.97,350,229,488,1258,-2354
20121224,16550,17550,16500,17100,252714,2.43,0.45,729,30060,11.67,3.44,-93.97,350,229,488,1258,-2354
20121226,16950,17100,16300,16350,113728,2.43,0.45,729,30060,11.67,3.44,-93.97,350,229,488,1258,-2354
20121227,16400,16400,15850,16150,55232,2.43,0.45,729,30060,11.67,3.44,-93.97,350,229,488,1258,-2354
20121228,16150,16650,16100,16400,32287,2.43,0.45,729,30060,11.67,3.44,-93.97,350,229,488,1258,-2354
20130102,16400,17200,16200,17050,76233,0.0,0.0,-2440,25123,10.95,-3.15,-351.01,350,244,2328,-969,-1353
20130103,17150,17500,17000,17400,77465,0.0,0.0,-2440,25123,10.95,-3.15,-351.01,350,244,2328,-969,-1353
20130104,17550,18050,17050,17700,96014,0.0,0.0,-2440,25123,10.95,-3.15,-351.01,350,244,2328,-969,-1353
20130107,18000,18000,17350,17700,89341,0.0,0.0,-2440,25123,10.95,-3.15,-351.01,350,244,2328,-969,-1353
20130108,17700,18550,17650,18550,116366,0.0,0.0,-2440,25123,10.95,-3.15,-351.01,350,244,2328,-969,-1353
20130109,18700,18950,17950,17950,89971,0.0,0.0,-2440,25123,10.95,-3.15,-351.01,350,244,2328,-969,-1353
20130110,18200,18200,17350,17350,76603,0.0,0.0,-2440,25123,10.95,-3.15,-351.01,350,244,2328,-969,-1353
20130111,17550,17550,16750,17150,93959,0.0,0.0,-2440,25123,10.95,-3.15,-351.01,350,244,2328,-969,-1353
20130114,17150,17550,16850,17250,73848,0.0,0.0,-2440,25123,10.95,-3.15,-351.01,350,244,2328,-969,-1353
20130115,17450,17450,16650,17300,80895,0.0,0.0,-2440,25123,10.95,-3.15,-351.01,350,244,2328,-969,-1353
20130116,17300,17900,17300,17450,70193,0.0,0.0,-2440,25123,10.95,-3.15,-351.01,350,244,2328,-969,-1353
20130117,17550,17800,17350,17600,54879,0.0,0.0,-2440,25123,10.95,-3.15,-351.01,350,244,2328,-969,-1353
20130118,17700,18050,17550,17600,45130,0.0,0.0,-2440,25123,10.95,-3.15,-351.01,350,244,2328,-969,-1353
20130121,17550,17650,17250,17400,21321,0.0,0.0,-2440,25123,10.95,-3.15,-351.01,350,244,2328,-969,-1353
20130122,17450,17450,16550,16600,76091,0.0,0.0,-2440,25123,10.95,-3.15,-351.01,350,244,2328,-969,-1353
20130123,16650,16750,16500,16700,22792,0.0,0.0,-2440,25123,10.95,-3.15,-351.01,350,244,2328,-969,-1353
20130124,16750,16800,16250,16650,28180,0.0,0.0,-2440,25123,10.95,-3.15,-351.01,350,244,2328,-969,-1353
20130125,16800,16800,16400,16500,25062,0.0,0.0,-2440,25123,10.95,-3.15,-351.01,350,244,2328,-969,-1353
20130128,16650,16950,16400,16900,32333,0.0,0.0,-2440,25123,10.95,-3.15,-351.01,350,244,2328,-969,-1353
20130129,17000,17000,16600,16850,28043,0.0,0.0,-2440,25123,10.95,-3.15,-351.01,350,244,2328,-969,-1353
20130130,16850,16950,16450,16450,17262,0.0,0.0,-2440,25123,10.95,-3.15,-351.01,350,244,2328,-969,-1353
20130131,16450,16550,16200,16200,23971,0.0,0.0,-2440,25123,10.95,-3.15,-351.01,350,244,2328,-969,-1353
20130201,16200,16300,15450,15750,48752,0.0,0.0,-2440,25123,10.95,-3.15,-351.01,350,244,2328,-969,-1353
20130204,15800,16550,15500,16500,27036,0.0,0.0,-2440,25123,10.95,-3.15,-351.01,350,244,2328,-969,-1353
20130205,16200,16750,16200,16750,26830,0.0,0.0,-2440,25123,10.95,-3.15,-351.01,350,244,2328,-969,-1353
20130206,16750,17050,16400,17050,36428,0.0,0.0,-2440,25123,10.95,-3.15,-351.01,350,244,2328,-969,-1353
20130207,16900,17100,16600,16850,23709,0.0,0.0,-2440,25123,10.95,-3.15,-351.01,350,244,2328,-969,-1353
20130208,16700,16900,16250,16250,25486,0.0,0.0,-2440,25123,10.95,-3.15,-351.01,350,244,2328,-969,-1353
20130212,16100,17050,16100,16850,25892,0.0,0.0,-2440,25123,10.95,-3.15,-351.01,350,244,2328,-969,-1353
20130213,16750,16950,16350,16500,33110,0.0,0.0,-2440,25123,10.95,-3.15,-351.01,350,244,2328,-969,-1353
20130214,16500,16500,16300,16450,9091,0.0,0.0,-2440,25123,10.95,-3.15,-351.01,350,244,2328,-969,-1353
20130215,16500,16750,16450,16450,11052,0.0,0.0,-2440,25123,10.95,-3.15,-351.01,350,244,2328,-969,-1353
20130218,16500,16500,16300,16350,11716,0.0,0.0,-2440,25123,10.95,-3.15,-351.01,350,244,2328,-969,-1353
20130219,16250,16500,16200,16250,16910,0.0,0.0,-2440,25123,10.95,-3.15,-351.01,350,244,2328,-969,-1353
20130220,16300,16300,16050,16050,27404,0.0,0.0,-2440,25123,10.95,-3.15,-351.01,350,244,2328,-969,-1353
20130221,16550,17200,16200,16250,61660,0.0,0.0,-2440,25123,10.95,-3.15,-351.01,350,244,2328,-969,-1353
20130222,16500,16800,16250,16700,21879,0.0,0.0,-2440,25123,10.95,-3.15,-351.01,350,244,2328,-969,-1353
20130225,16650,17000,16200,16300,16597,0.0,0.0,-2440,25123,10.95,-3.15,-351.01,350,244,2328,-969,-1353
20130226,16100,16350,16000,16150,20273,0.0,0.0,-2440,25123,10.95,-3.15,-351.01,350,244,2328,-969,-1353
20130227,16250,16250,15800,16000,34305,0.0,0.0,-2440,25123,10.95,-3.15,-351.01,350,244,2328,-969,-1353
20130228,15900,16250,15900,16200,25659,0.0,0.0,-2440,25123,10.95,-3.15,-351.01,350,244,2328,-969,-1353
20130304,16150,16300,15850,16100,12376,0.0,0.0,-2440,25123,10.95,-3.15,-351.01,350,244,2328,-969,-1353
20130305,16000,16150,15800,15850,21367,0.0,0.0,-2440,25123,10.95,-3.15,-351.01,350,244,2328,-969,-1353
20130306,16000,16100,15450,15900,39866,0.0,0.0,-2440,25123,10.95,-3.15,-351.01,350,244,2328,-969,-1353
20130307,15850,16050,15700,15900,11523,0.0,0.0,-2440,25123,10.95,-3.15,-351.01,350,244,2328,-969,-1353
20130308,15900,16600,15900,16250,64819,0.0,0.0,-2440,25123,10.95,-3.15,-351.01,350,244,2328,-969,-1353
20130311,16450,16450,16100,16250,15089,0.0,0.0,-2440,25123,10.95,-3.15,-351.01,350,244,2328,-969,-1353
20130312,16250,16800,16250,16600,57353,0.0,0.0,-2440,25123,10.95,-3.15,-351.01,350,244,2328,-969,-1353
20130313,16800,17000,16600,17000,62998,0.0,0.0,-2440,25123,10.95,-3.15,-351.01,350,244,2328,-969,-1353
20130314,17100,17100,16300,16700,48120,0.0,0.0,-2440,25123,10.95,-3.15,-351.01,350,244,2328,-969,-1353
20130315,16600,16900,16300,16900,36965,0.0,0.0,-2440,25123,10.95,-3.15,-351.01,350,244,2328,-969,-1353
20130318,17000,17050,16500,16600,30488,0.0,0.0,-2440,25123,10.95,-3.15,-351.01,350,244,2328,-969,-1353
20130319,16700,17100,16500,16950,40932,0.0,0.0,-2440,25123,10.95,-3.15,-351.01,350,244,2328,-969,-1353
20130320,16950,16950,16500,16650,44538,0.0,0.0,-2440,25123,10.95,-3.15,-351.01,350,244,2328,-969,-1353
20130321,16650,16850,16350,16700,28167,0.0,0.0,-2440,25123,10.95,-3.15,-351.01,350,244,2328,-969,-1353
20130322,16550,16800,16500,16700,11072,0.0,0.0,-2440,25123,10.95,-3.15,-351.01,350,244,2328,-969,-1353
20130325,16700,16850,16500,16750,21764,0.0,0.0,-2440,25123,10.95,-3.15,-351.01,350,244,2328,-969,-1353
20130326,16750,17150,16600,17150,28311,0.0,0.0,-2440,25123,10.95,-3.15,-351.01,350,244,2328,-969,-1353
20130327,17150,17250,16850,16900,24098,0.0,0.0,-2440,25123,10.95,-3.15,-351.01,350,244,2328,-969,-1353
20130328,16800,16900,16300,16900,42288,0.0,0.0,-2440,25123,10.95,-3.15,-351.01,350,244,2328,-969,-1353
20130329,16800,17050,16650,16900,18041,0.0,0.0,-2440,25123,10.95,-3.15,-351.01,350,244,2328,-969,-1353
20130401,16900,16900,16300,16450,27948,0.0,0.0,-2440,25123,10.95,-3.15,-351.01,350,244,2328,-969,-1353
20130402,16400,16600,16200,16450,27480,0.0,0.0,-2440,25123,10.95,-3.15,-351.01,350,244,2328,-969,-1353
20130403,16400,16450,16050,16100,29155,0.0,0.0,-2440,25123,10.95,-3.15,-351.01,350,244,2328,-969,-1353
20130404,16100,16200,15600,16100,43202,0.0,0.0,-2440,25123,10.95,-3.15,-351.01,350,244,2328,-969,-1353
20130405,15950,16000,15650,15700,19203,0.0,0.0,-2440,25123,10.95,-3.15,-351.01,350,244,2328,-969,-1353
20130408,15550,15550,14500,14950,82332,0.0,0.0,-2440,25123,10.95,-3.15,-351.01,350,244,2328,-969,-1353
20130409,14750,14800,13950,14100,57700,0.0,0.0,-2440,25123,10.95,-3.15,-351.01,350,244,2328,-969,-1353
20130410,14100,14550,14100,14550,23062,0.0,0.0,-2440,25123,10.95,-3.15,-351.01,350,244,2328,-969,-1353
20130411,14500,15400,14500,15050,40027,0.0,0.0,-2440,25123,10.95,-3.15,-351.01,350,244,2328,-969,-1353
20130412,15200,15350,15000,15050,15232,0.0,0.0,-2440,25123,10.95,-3.15,-351.01,350,244,2328,-969,-1353
20130415,15150,15300,15050,15100,21591,0.0,0.0,-2440,25123,10.95,-3.15,-351.01,350,244,2328,-969,-1353
20130416,15050,15150,14650,15150,44855,0.0,0.0,-2440,25123,10.95,-3.15,-351.01,350,244,2328,-969,-1353
20130417,15200,15200,14750,14900,33512,0.0,0.0,-2440,25123,10.95,-3.15,-351.01,350,244,2328,-969,-1353
20130418,15000,15150,14800,15050,7877,0.0,0.0,-2440,25123,10.95,-3.15,-351.01,350,244,2328,-969,-1353
20130419,14900,15000,14700,14850,22400,0.0,0.0,-2440,25123,10.95,-3.15,-351.01,350,244,2328,-969,-1353
20130422,14800,15100,14700,15000,18850,0.0,0.0,-2440,25123,10.95,-3.15,-351.01,350,244,2328,-969,-1353
20130423,14900,15250,14850,15150,17893,0.0,0.0,-2440,25123,10.95,-3.15,-351.01,350,244,2328,-969,-1353
20130424,15100,15550,15100,15300,34946,0.0,0.0,-2440,25123,10.95,-3.15,-351.01,350,244,2328,-969,-1353
20130425,15250,15250,14350,14350,161441,0.0,0.0,-2440,25123,10.95,-3.15,-351.01,350,244,2328,-969,-1353
20130426,14450,14500,14150,14350,43896,0.0,0.0,-2440,25123,10.95,-3.15,-351.01,350,244,2328,-969,-1353
20130429,14450,14550,14100,14150,27005,0.0,0.0,-2440,25123,10.95,-3.15,-351.01,350,244,2328,-969,-1353
20130430,14300,14700,14200,14700,41812,0.0,0.0,-2440,25123,10.95,-3.15,-351.01,350,244,2328,-969,-1353
20130502,14700,14750,14250,14450,23604,0.0,0.0,-2440,25123,10.95,-3.15,-351.01,350,244,2328,-969,-1353
20130503,14450,14450,13950,14250,60461,0.0,0.0,-2440,25123,10.95,-3.15,-351.01,350,244,2328,-969,-1353
20130506,14100,14400,14100,14400,32400,0.0,0.0,-2440,25123,10.95,-3.15,-351.01,350,244,2328,-969,-1353
20130507,14400,14400,14250,14250,12563,0.0,0.0,-2440,25123,10.95,-3.15,-351.01,350,244,2328,-969,-1353
20130508,14200,14300,13950,14100,42617,0.0,0.0,-2440,25123,10.95,-3.15,-351.01,350,244,2328,-969,-1353
20130509,14100,14500,14100,14400,21027,0.0,0.0,-2440,25123,10.95,-3.15,-351.01,350,244,2328,-969,-1353
20130510,14400,14600,13900,13950,55128,0.0,0.0,-2440,25123,10.95,-3.15,-351.01,350,244,2328,-969,-1353
20130513,14050,14050,13600,13700,38330,0.0,0.0,-2440,25123,10.95,-3.15,-351.01,350,244,2328,-969,-1353
20130514,13850,13850,13350,13600,39204,0.0,0.0,-2440,25123,10.95,-3.15,-351.01,350,244,2328,-969,-1353
20130515,13750,13750,13250,13700,43957,0.0,0.0,-2440,25123,10.95,-3.15,-351.01,350,244,2328,-969,-1353
20130516,13700,14250,13700,13950,39478,0.0,0.0,-2440,25123,10.95,-3.15,-351.01,350,244,2328,-969,-1353
20130520,13900,14050,13850,14050,45948,0.0,0.0,-2440,25123,10.95,-3.15,-351.01,350,244,2328,-969,-1353
20130521,14100,14400,14050,14250,34139,0.0,0.0,-2440,25123,10.95,-3.15,-351.01,350,244,2328,-969,-1353
20130522,14400,14750,14300,14750,51802,0.0,0.0,-2440,25123,10.95,-3.15,-351.01,350,244,2328,-969,-1353
20130523,14850,14850,14200,14300,32604,0.0,0.0,-2440,25123,10.95,-3.15,-351.01,350,244,2328,-969,-1353
20130524,14200,14300,13950,14250,27342,0.0,0.0,-2440,25123,10.95,-3.15,-351.01,350,244,2328,-969,-1353
20130527,14250,14550,14250,14550,20562,0.0,0.0,-2440,25123,10.95,-3.15,-351.01,350,244,2328,-969,-1353
20130528,14550,14550,14250,14550,16370,0.0,0.0,-2440,25123,10.95,-3.15,-351.01,350,244,2328,-969,-1353
20130529,14500,14650,14400,14400,14357,0.0,0.0,-2440,25123,10.95,-3.15,-351.01,350,244,2328,-969,-1353
20130530,14200,14600,14200,14600,23787,0.0,0.0,-2440,25123,10.95,-3.15,-351.01,350,244,2328,-969,-1353
20130531,14650,14700,14300,14350,30500,0.0,0.0,-2440,25123,10.95,-3.15,-351.01,350,244,2328,-969,-1353
20130603,14200,14500,14200,14450,28160,0.0,0.0,-2440,25123,10.95,-3.15,-351.01,350,244,2328,-969,-1353
20130604,14400,14550,14150,14250,24652,0.0,0.0,-2440,25123,10.95,-3.15,-351.01,350,244,2328,-969,-1353
20130605,14400,14400,13700,13800,48680,0.0,0.0,-2440,25123,10.95,-3.15,-351.01,350,244,2328,-969,-1353
20130607,13650,14000,13350,13350,42031,0.0,0.0,-2440,25123,10.95,-3.15,-351.01,350,244,2328,-969,-1353
20130610,13500,13650,13350,13500,33309,0.0,0.0,-2440,25123,10.95,-3.15,-351.01,350,244,2328,-969,-1353
20130611,13700,13700,13150,13450,38277,0.0,0.0,-2440,25123,10.95,-3.15,-351.01,350,244,2328,-969,-1353
20130612,13550,13550,13050,13050,34261,0.0,0.0,-2440,25123,10.95,-3.15,-351.01,350,244,2328,-969,-1353
20130613,12900,13050,12450,12450,72881,0.0,0.0,-2440,25123,10.95,-3.15,-351.01,350,244,2328,-969,-1353
20130614,12500,12700,12250,12350,41293,0.0,0.0,-2440,25123,10.95,-3.15,-351.01,350,244,2328,-969,-1353
20130617,12350,12450,11950,12050,47267,0.0,0.0,-2440,25123,10.95,-3.15,-351.01,350,244,2328,-969,-1353
20130618,12250,12400,11800,12400,32618,0.0,0.0,-2440,25123,10.95,-3.15,-351.01,350,244,2328,-969,-1353
20130619,12400,12500,12250,12450,13700,0.0,0.0,-2440,25123,10.95,-3.15,-351.01,350,244,2328,-969,-1353
20130620,12400,12500,12000,12400,29655,0.0,0.0,-2440,25123,10.95,-3.15,-351.01,350,244,2328,-969,-1353
20130621,12150,12850,11900,12700,67657,0.0,0.0,-2440,25123,10.95,-3.15,-351.01,350,244,2328,-969,-1353
20130624,12500,12750,12400,12500,17590,0.0,0.0,-2440,25123,10.95,-3.15,-351.01,350,244,2328,-969,-1353
20130625,12600,12600,11800,12050,31309,0.0,0.0,-2440,25123,10.95,-3.15,-351.01,350,244,2328,-969,-1353
20130626,12250,12500,11950,12500,17722,0.0,0.0,-2440,25123,10.95,-3.15,-351.01,350,244,2328,-969,-1353
20130627,12700,12700,12450,12700,22922,0.0,0.0,-2440,25123,10.95,-3.15,-351.01,350,244,2328,-969,-1353
20130628,12750,13100,12750,13050,25110,0.0,0.0,-2440,25123,10.95,-3.15,-351.01,350,244,2328,-969,-1353
20130701,13000,13300,12750,13050,21961,0.0,0.0,-2440,25123,10.95,-3.15,-351.01,350,244,2328,-969,-1353
20130702,12950,13200,12900,13150,23191,0.0,0.0,-2440,25123,10.95,-3.15,-351.01,350,244,2328,-969,-1353
20130703,13150,13200,12650,12650,15430,0.0,0.0,-2440,25123,10.95,-3.15,-351.01,350,244,2328,-969,-1353
20130704,12900,13150,12700,13050,15830,0.0,0.0,-2440,25123,10.95,-3.15,-351.01,350,244,2328,-969,-1353
20130705,13200,13200,12850,13100,16175,0.0,0.0,-2440,25123,10.95,-3.15,-351.01,350,244,2328,-969,-1353
20130708,13250,13250,12700,12900,14412,0.0,0.0,-2440,25123,10.95,-3.15,-351.01,350,244,2328,-969,-1353
20130709,12900,12900,12700,12900,6063,0.0,0.0,-2440,25123,10.95,-3.15,-351.01,350,244,2328,-969,-1353
20130710,12950,12950,12700,12700,7620,0.0,0.0,-2440,25123,10.95,-3.15,-351.01,350,244,2328,-969,-1353
20130711,12900,12950,12600,12750,24683,0.0,0.0,-2440,25123,10.95,-3.15,-351.01,350,244,2328,-969,-1353
20130712,13000,13100,12700,12700,11300,0.0,0.0,-2440,25123,10.95,-3.15,-351.01,350,244,2328,-969,-1353
20130715,12750,12950,12700,12900,15281,0.0,0.0,-2440,25123,10.95,-3.15,-351.01,350,244,2328,-969,-1353
20130716,12900,13100,12750,12900,12174,0.0,0.0,-2440,25123,10.95,-3.15,-351.01,350,244,2328,-969,-1353
20130717,12950,13100,12850,13050,22480,0.0,0.0,-2440,25123,10.95,-3.15,-351.01,350,244,2328,-969,-1353
20130718,13050,13200,12800,13000,12620,0.0,0.0,-2440,25123,10.95,-3.15,-351.01,350,244,2328,-969,-1353
20130719,13000,13150,12800,13000,9406,0.0,0.0,-2440,25123,10.95,-3.15,-351.01,350,244,2328,-969,-1353
20130722,13150,13250,12950,13100,8869,0.0,0.0,-2440,25123,10.95,-3.15,-351.01,350,244,2328,-969,-1353
20130723,12900,13250,12900,13200,11621,0.0,0.0,-2440,25123,10.95,-3.15,-351.01,350,244,2328,-969,-1353
20130724,13100,13350,12900,13000,23191,0.0,0.0,-2440,25123,10.95,-3.15,-351.01,350,244,2328,-969,-1353
20130725,12900,13000,12750,13000,12251,0.0,0.0,-2440,25123,10.95,-3.15,-351.01,350,244,2328,-969,-1353
20130726,13050,13050,12800,13000,4541,0.0,0.0,-2440,25123,10.95,-3.15,-351.01,350,244,2328,-969,-1353
20130729,13000,13000,12800,12950,7186,0.0,0.0,-2440,25123,10.95,-3.15,-351.01,350,244,2328,-969,-1353
20130730,13000,13050,12800,13000,8040,0.0,0.0,-2440,25123,10.95,-3.15,-351.01,350,244,2328,-969,-1353
20130731,12900,13150,12900,12950,8812,0.0,0.0,-2440,25123,10.95,-3.15,-351.01,350,244,2328,-969,-1353
20130801,13000,13000,12900,13000,9435,0.0,0.0,-2440,25123,10.95,-3.15,-351.01,350,244,2328,-969,-1353
20130802,13050,13200,12950,13050,17066,0.0,0.0,-2440,25123,10.95,-3.15,-351.01,350,244,2328,-969,-1353
20130805,13100,13250,13100,13200,13790,0.0,0.0,-2440,25123,10.95,-3.15,-351.01,350,244,2328,-969,-1353
20130806,13250,13250,12950,13100,16731,0.0,0.0,-2440,25123,10.95,-3.15,-351.01,350,244,2328,-969,-1353
20130807,13050,13050,12600,12600,28636,0.0,0.0,-2440,25123,10.95,-3.15,-351.01,350,244,2328,-969,-1353
20130808,12600,12800,12450,12600,26054,0.0,0.0,-2440,25123,10.95,-3.15,-351.01,350,244,2328,-969,-1353
20130809,12750,12750,12300,12600,20590,0.0,0.0,-2440,25123,10.95,-3.15,-351.01,350,244,2328,-969,-1353
20130812,12500,12600,12400,12500,7057,0.0,0.0,-2440,25123,10.95,-3.15,-351.01,350,244,2328,-969,-1353
20130813,12400,12550,12250,12450,11680,0.0,0.0,-2440,25123,10.95,-3.15,-351.01,350,244,2328,-969,-1353
20130814,12400,12750,12250,12650,28189,0.0,0.0,-2440,25123,10.95,-3.15,-351.01,350,244,2328,-969,-1353
20130816,12650,12650,12400,12600,8908,0.0,0.0,-2440,25123,10.95,-3.15,-351.01,350,244,2328,-969,-1353
20130819,12550,12650,12300,12600,14154,0.0,0.0,-2440,25123,10.95,-3.15,-351.01,350,244,2328,-969,-1353
20130820,12500,12650,12350,12400,13422,0.0,0.0,-2440,25123,10.95,-3.15,-351.01,350,244,2328,-969,-1353
20130821,12400,12450,11950,11950,27816,0.0,0.0,-2440,25123,10.95,-3.15,-351.01,350,244,2328,-969,-1353
20130822,11800,11900,11550,11600,23829,0.0,0.0,-2440,25123,10.95,-3.15,-351.01,350,244,2328,-969,-1353
20130823,11600,11850,11600,11600,18974,0.0,0.0,-2440,25123,10.95,-3.15,-351.01,350,244,2328,-969,-1353
20130826,11600,11650,11450,11600,9670,0.0,0.0,-2440,25123,10.95,-3.15,-351.01,350,244,2328,-969,-1353
20130827,11600,11800,11550,11600,9440,0.0,0.0,-2440,25123,10.95,-3.15,-351.01,350,244,2328,-969,-1353
20130828,11500,11600,11350,11550,7225,0.0,0.0,-2440,25123,10.95,-3.15,-351.01,350,244,2328,-969,-1353
20130829,11500,11700,11500,11650,12986,0.0,0.0,-2440,25123,10.95,-3.15,-351.01,350,244,2328,-969,-1353
20130830,11700,11700,11450,11700,15202,0.0,0.0,-2440,25123,10.95,-3.15,-351.01,350,244,2328,-969,-1353
20130902,11950,11950,11750,11900,14792,0.0,0.0,-2440,25123,10.95,-3.15,-351.01,350,244,2328,-969,-1353
20130903,11800,12000,11800,12000,16597,0.0,0.0,-2440,25123,10.95,-3.15,-351.01,350,244,2328,-969,-1353
20130904,12000,12050,11700,11900,38015,0.0,0.0,-2440,25123,10.95,-3.15,-351.01,350,244,2328,-969,-1353
20130905,11850,12000,11700,11800,100928,0.0,0.0,-2440,25123,10.95,-3.15,-351.01,350,244,2328,-969,-1353
20130906,11850,11950,11800,11800,20646,0.0,0.0,-2440,25123,10.95,-3.15,-351.01,350,244,2328,-969,-1353
20130909,11800,11900,11600,11700,62520,0.0,0.0,-2440,25123,10.95,-3.15,-351.01,350,244,2328,-969,-1353
20130910,11800,11850,11700,11800,80232,0.0,0.0,-2440,25123,10.95,-3.15,-351.01,350,244,2328,-969,-1353
20130911,11850,12050,11800,12000,79252,0.0,0.0,-2440,25123,10.95,-3.15,-351.01,350,244,2328,-969,-1353
20130912,12000,12350,11950,12200,118083,0.0,0.0,-2440,25123,10.95,-3.15,-351.01,350,244,2328,-969,-1353
20130913,12050,12250,12050,12100,18506,0.0,0.0,-2440,25123,10.95,-3.15,-351.01,350,244,2328,-969,-1353
20130916,12050,12200,11900,12100,33365,0.0,0.0,-2440,25123,10.95,-3.15,-351.01,350,244,2328,-969,-1353
20130917,12050,12050,11750,11850,66040,0.0,0.0,-2440,25123,10.95,-3.15,-351.01,350,244,2328,-969,-1353
20130923,11800,12000,11800,11950,23864,0.0,0.0,-2440,25123,10.95,-3.15,-351.01,350,244,2328,-969,-1353
20130924,11950,12000,11850,11850,18588,0.0,0.0,-2440,25123,10.95,-3.15,-351.01,350,244,2328,-969,-1353
20130925,11850,12150,11850,12050,23450,0.0,0.0,-2440,25123,10.95,-3.15,-351.01,350,244,2328,-969,-1353
20130926,12100,12500,12100,12500,51926,0.0,0.0,-2440,25123,10.95,-3.15,-351.01,350,244,2328,-969,-1353
20130927,12550,12650,12450,12650,36760,0.0,0.0,-2440,25123,10.95,-3.15,-351.01,350,244,2328,-969,-1353
20130930,12600,12650,12350,12500,38515,0.0,0.0,-2440,25123,10.95,-3.15,-351.01,350,244,2328,-969,-1353
20131001,12400,12550,12250,12250,31823,0.0,0.0,-2440,25123,10.95,-3.15,-351.01,350,244,2328,-969,-1353
20131002,12450,12450,12150,12300,27972,0.0,0.0,-2440,25123,10.95,-3.15,-351.01,350,244,2328,-969,-1353
20131004,12200,12350,12000,12100,26470,0.0,0.0,-2440,25123,10.95,-3.15,-351.01,350,244,2328,-969,-1353
20131007,12100,12200,11850,11900,65802,0.0,0.0,-2440,25123,10.95,-3.15,-351.01,350,244,2328,-969,-1353
20131008,11900,11900,11650,11850,39831,0.0,0.0,-2440,25123,10.95,-3.15,-351.01,350,244,2328,-969,-1353
20131010,11850,12050,11750,11950,13170,0.0,0.0,-2440,25123,10.95,-3.15,-351.01,350,244,2328,-969,-1353
20131011,12050,12200,11750,11850,62553,0.0,0.0,-2440,25123,10.95,-3.15,-351.01,350,244,2328,-969,-1353
20131014,11850,11950,11650,11800,35681,0.0,0.0,-2440,25123,10.95,-3.15,-351.01,350,244,2328,-969,-1353
20131015,11800,11900,11550,11600,66305,0.0,0.0,-2440,25123,10.95,-3.15,-351.01,350,244,2328,-969,-1353
20131016,11450,11600,11050,11200,130434,0.0,0.0,-2440,25123,10.95,-3.15,-351.01,350,244,2328,-969,-1353
20131017,11300,11300,10950,11050,61694,0.0,0.0,-2440,25123,10.95,-3.15,-351.01,350,244,2328,-969,-1353
20131018,11050,11300,11050,11300,38022,0.0,0.0,-2440,25123,10.95,-3.15,-351.01,350,244,2328,-969,-1353
20131021,11300,11400,11200,11300,25229,0.0,0.0,-2440,25123,10.95,-3.15,-351.01,350,244,2328,-969,-1353
20131022,11250,11600,11250,11400,23059,0.0,0.0,-2440,25123,10.95,-3.15,-351.01,350,244,2328,-969,-1353
20131023,11450,11600,11400,11450,15130,0.0,0.0,-2440,25123,10.95,-3.15,-351.01,350,244,2328,-969,-1353
20131024,11550,11650,11400,11550,19655,0.0,0.0,-2440,25123,10.95,-3.15,-351.01,350,244,2328,-969,-1353
20131025,11600,11700,11450,11500,18878,0.0,0.0,-2440,25123,10.95,-3.15,-351.01,350,244,2328,-969,-1353
20131028,11600,11950,11450,11700,41443,0.0,0.0,-2440,25123,10.95,-3.15,-351.01,350,244,2328,-969,-1353
20131029,11700,11800,11550,11600,17931,0.0,0.0,-2440,25123,10.95,-3.15,-351.01,350,244,2328,-969,-1353
20131030,11600,11700,11500,11700,22197,0.0,0.0,-2440,25123,10.95,-3.15,-351.01,350,244,2328,-969,-1353
20131031,11650,11750,11550,11550,11543,0.0,0.0,-2440,25123,10.95,-3.15,-351.01,350,244,2328,-969,-1353
20131101,11550,11650,11500,11550,8661,0.0,0.0,-2440,25123,10.95,-3.15,-351.01,350,244,2328,-969,-1353
20131104,11500,11500,11350,11400,26119,0.0,0.0,-2440,25123,10.95,-3.15,-351.01,350,244,2328,-969,-1353
20131105,11450,11450,11200,11250,18076,0.0,0.0,-2440,25123,10.95,-3.15,-351.01,350,244,2328,-969,-1353
20131106,11200,11400,11150,11350,13545,0.0,0.0,-2440,25123,10.95,-3.15,-351.01,350,244,2328,-969,-1353
20131107,11250,11500,11050,11450,25744,0.0,0.0,-2440,25123,10.95,-3.15,-351.01,350,244,2328,-969,-1353
20131108,11350,11350,11100,11100,18975,0.0,0.0,-2440,25123,10.95,-3.15,-351.01,350,244,2328,-969,-1353
20131111,11100,11150,10900,10950,13970,0.0,0.0,-2440,25123,10.95,-3.15,-351.01,350,244,2328,-969,-1353
20131112,10900,11150,10900,11150,14467,0.0,0.0,-2440,25123,10.95,-3.15,-351.01,350,244,2328,-969,-1353
20131113,11050,11200,10900,10900,14424,0.0,0.0,-2440,25123,10.95,-3.15,-351.01,350,244,2328,-969,-1353
20131114,10850,10950,10700,10800,23010,0.0,0.0,-2440,25123,10.95,-3.15,-351.01,350,244,2328,-969,-1353
20131115,10800,11050,10800,11000,23009,0.0,0.0,-2440,25123,10.95,-3.15,-351.01,350,244,2328,-969,-1353
20131118,11200,11350,11000,11250,15490,0.0,0.0,-2440,25123,10.95,-3.15,-351.01,350,244,2328,-969,-1353
20131119,11300,11400,11200,11250,8505,0.0,0.0,-2440,25123,10.95,-3.15,-351.01,350,244,2328,-969,-1353
20131120,11300,11350,11200,11250,21704,0.0,0.0,-2440,25123,10.95,-3.15,-351.01,350,244,2328,-969,-1353
20131121,11200,11300,11150,11250,5150,0.0,0.0,-2440,25123,10.95,-3.15,-351.01,350,244,2328,-969,-1353
20131122,11250,11250,11000,11150,11710,0.0,0.0,-2440,25123,10.95,-3.15,-351.01,350,244,2328,-969,-1353
20131125,11200,11650,11100,11650,25911,0.0,0.0,-2440,25123,10.95,-3.15,-351.01,350,244,2328,-969,-1353
20131126,11600,11600,11350,11450,16716,0.0,0.0,-2440,25123,10.95,-3.15,-351.01,350,244,2328,-969,-1353
20131127,11350,11700,11350,11600,17696,0.0,0.0,-2440,25123,10.95,-3.15,-351.01,350,244,2328,-969,-1353
20131128,11550,11850,11550,11850,21691,0.0,0.0,-2440,25123,10.95,-3.15,-351.01,350,244,2328,-969,-1353
20131129,11700,11850,11600,11800,13261,0.0,0.0,-2440,25123,10.95,-3.15,-351.01,350,244,2328,-969,-1353
20131202,11800,11800,11400,11550,24086,0.0,0.0,-2440,25123,10.95,-3.15,-351.01,350,244,2328,-969,-1353
20131203,11450,11550,11350,11550,7941,0.0,0.0,-2440,25123,10.95,-3.15,-351.01,350,244,2328,-969,-1353
20131204,11550,11600,11350,11500,15909,0.0,0.0,-2440,25123,10.95,-3.15,-351.01,350,244,2328,-969,-1353
20131205,11500,11650,11400,11500,7952,0.0,0.0,-2440,25123,10.95,-3.15,-351.01,350,244,2328,-969,-1353
20131206,11450,11550,11350,11500,9841,0.0,0.0,-2440,25123,10.95,-3.15,-351.01,350,244,2328,-969,-1353
20131209,11650,11650,11200,11350,26521,0.0,0.0,-2440,25123,10.95,-3.15,-351.01,350,244,2328,-969,-1353
20131210,11450,11450,11200,11350,12438,0.0,0.0,-2440,25123,10.95,-3.15,-351.01,350,244,2328,-969,-1353
20131211,11250,11400,11150,11200,10543,0.0,0.0,-2440,25123,10.95,-3.15,-351.01,350,244,2328,-969,-1353
20131212,11150,11300,11050,11200,34000,0.0,0.0,-2440,25123,10.95,-3.15,-351.01,350,244,2328,-969,-1353
20131213,11250,11400,11000,11100,18912,0.0,0.0,-2440,25123,10.95,-3.15,-351.01,350,244,2328,-969,-1353
20131216,11200,11550,11100,11400,29810,0.0,0.0,-2440,25123,10.95,-3.15,-351.01,350,244,2328,-969,-1353
20131217,11400,11600,11300,11300,18518,0.0,0.0,-2440,25123,10.95,-3.15,-351.01,350,244,2328,-969,-1353
20131218,11300,11450,11250,11350,15770,0.0,0.0,-2440,25123,10.95,-3.15,-351.01,350,244,2328,-969,-1353
20131219,11550,11650,11300,11300,22784,0.0,0.0,-2440,25123,10.95,-3.15,-351.01,350,244,2328,-969,-1353
20131220,11350,11450,11200,11200,22051,0.0,0.0,-2440,25123,10.95,-3.15,-351.01,350,244,2328,-969,-1353
20131223,11300,11700,11300,11650,27442,0.0,0.0,-2440,25123,10.95,-3.15,-351.01,350,244,2328,-969,-1353
20131224,11700,11700,11350,11500,60792,0.0,0.0,-2440,25123,10.95,-3.15,-351.01,350,244,2328,-969,-1353
20131226,11500,11650,11400,11500,68158,0.0,0.0,-2440,25123,10.95,-3.15,-351.01,350,244,2328,-969,-1353
20131227,11300,11450,11200,11300,66451,0.0,0.0,-2440,25123,10.95,-3.15,-351.01,350,244,2328,-969,-1353
20131230,11350,11650,11100,11600,96724,0.0,0.0,-2440,25123,10.95,-3.15,-351.01,350,244,2328,-969,-1353
20140102,11600,11600,11450,11450,39428,0.0,0.0,-5050,20664,11.13,5.76,-73.87,450,267,2197,-559,-1682
20140103,11450,11500,11350,11450,28501,0.0,0.0,-5050,20664,11.13,5.76,-73.87,450,267,2197,-559,-1682
20140106,11500,11500,11300,11400,18900,0.0,0.0,-5050,20664,11.13,5.76,-73.87,450,267,2197,-559,-1682
20140107,11450,11450,11200,11300,14351,0.0,0.0,-5050,20664,11.13,5.76,-73.87,450,267,2197,-559,-1682
20140108,11400,11750,11150,11650,84251,0.0,0.0,-5050,20664,11.13,5.76,-73.87,450,267,2197,-559,-1682
20140109,11550,11700,11500,11600,17587,0.0,0.0,-5050,20664,11.13,5.76,-73.87,450,267,2197,-559,-1682
20140110,11600,11850,11600,11600,16211,0.0,0.0,-5050,20664,11.13,5.76,-73.87,450,267,2197,-559,-1682
20140113,11600,11850,11550,11700,29526,0.0,0.0,-5050,20664,11.13,5.76,-73.87,450,267,2197,-559,-1682
20140114,11750,11800,11650,11700,13560,0.0,0.0,-5050,20664,11.13,5.76,-73.87,450,267,2197,-559,-1682
20140115,11800,11900,11650,11750,12521,0.0,0.0,-5050,20664,11.13,5.76,-73.87,450,267,2197,-559,-1682
20140116,11850,11900,11750,11800,16896,0.0,0.0,-5050,20664,11.13,5.76,-73.87,450,267,2197,-559,-1682
20140117,11800,11900,11650,11700,13947,0.0,0.0,-5050,20664,11.13,5.76,-73.87,450,267,2197,-559,-1682
20140120,11650,11800,11650,11800,7225,0.0,0.0,-5050,20664,11.13,5.76,-73.87,450,267,2197,-559,-1682
20140121,11800,11800,11550,11600,20637,0.0,0.0,-5050,20664,11.13,5.76,-73.87,450,267,2197,-559,-1682
20140122,11600,11650,11450,11650,40708,0.0,0.0,-5050,20664,11.13,5.76,-73.87,450,267,2197,-559,-1682
20140123,11650,12000,11600,11850,72156,0.0,0.0,-5050,20664,11.13,5.76,-73.87,450,267,2197,-559,-1682
20140124,11800,11800,11500,11700,26155,0.0,0.0,-5050,20664,11.13,5.76,-73.87,450,267,2197,-559,-1682
20140127,11550,11600,11250,11550,37561,0.0,0.0,-5050,20664,11.13,5.76,-73.87,450,267,2197,-559,-1682
20140128,11500,11500,11350,11450,18009,0.0,0.0,-5050,20664,11.13,5.76,-73.87,450,267,2197,-559,-1682
20140129,11600,11600,11400,11500,7374,0.0,0.0,-5050,20664,11.13,5.76,-73.87,450,267,2197,-559,-1682
20140203,11600,11650,11400,11600,19315,0.0,0.0,-5050,20664,11.13,5.76,-73.87,450,267,2197,-559,-1682
20140204,11500,11500,11200,11200,28080,0.0,0.0,-5050,20664,11.13,5.76,-73.87,450,267,2197,-559,-1682
20140205,11400,11400,11200,11300,17055,0.0,0.0,-5050,20664,11.13,5.76,-73.87,450,267,2197,-559,-1682
20140206,11300,11300,11200,11250,25633,0.0,0.0,-5050,20664,11.13,5.76,-73.87,450,267,2197,-559,-1682
20140207,11100,11350,11100,11350,32027,0.0,0.0,-5050,20664,11.13,5.76,-73.87,450,267,2197,-559,-1682
20140210,11450,11500,11300,11500,14917,0.0,0.0,-5050,20664,11.13,5.76,-73.87,450,267,2197,-559,-1682
20140211,11500,11550,11350,11500,20960,0.0,0.0,-5050,20664,11.13,5.76,-73.87,450,267,2197,-559,-1682
20140212,11500,11700,11400,11700,42920,0.0,0.0,-5050,20664,11.13,5.76,-73.87,450,267,2197,-559,-1682
20140213,11750,11950,11650,11800,60602,0.0,0.0,-5050,20664,11.13,5.76,-73.87,450,267,2197,-559,-1682
20140214,11900,12400,11850,12400,89117,0.0,0.0,-5050,20664,11.13,5.76,-73.87,450,267,2197,-559,-1682
20140217,12450,12600,12250,12600,71851,0.0,0.0,-5050,20664,11.13,5.76,-73.87,450,267,2197,-559,-1682
20140218,12700,12750,12450,12700,33896,0.0,0.0,-5050,20664,11.13,5.76,-73.87,450,267,2197,-559,-1682
20140219,12600,12650,12450,12600,26457,0.0,0.0,-5050,20664,11.13,5.76,-73.87,450,267,2197,-559,-1682
20140220,12500,12600,12350,12450,19864,0.0,0.0,-5050,20664,11.13,5.76,-73.87,450,267,2197,-559,-1682
20140221,12500,12900,12450,12850,69370,0.0,0.0,-5050,20664,11.13,5.76,-73.87,450,267,2197,-559,-1682
20140224,12750,13050,12750,12850,39708,0.0,0.0,-5050,20664,11.13,5.76,-73.87,450,267,2197,-559,-1682
20140225,12850,12850,12550,12850,21880,0.0,0.0,-5050,20664,11.13,5.76,-73.87,450,267,2197,-559,-1682
20140226,12750,12850,12450,12650,40529,0.0,0.0,-5050,20664,11.13,5.76,-73.87,450,267,2197,-559,-1682
20140227,12650,12800,12450,12450,16041,0.0,0.0,-5050,20664,11.13,5.76,-73.87,450,267,2197,-559,-1682
20140228,12450,13200,12450,12900,77050,0.0,0.0,-5050,20664,11.13,5.76,-73.87,450,267,2197,-559,-1682
20140303,13050,13050,12800,12800,26834,0.0,0.0,-5050,20664,11.13,5.76,-73.87,450,267,2197,-559,-1682
20140304,12800,12950,12600,12900,32233,0.0,0.0,-5050,20664,11.13,5.76,-73.87,450,267,2197,-559,-1682
20140305,12750,13000,12750,13000,51397,0.0,0.0,-5050,20664,11.13,5.76,-73.87,450,267,2197,-559,-1682
20140306,13100,14150,12950,13950,137234,0.0,0.0,-5050,20664,11.13,5.76,-73.87,450,267,2197,-559,-1682
20140307,14100,14250,13650,13950,92737,0.0,0.0,-5050,20664,11.13,5.76,-73.87,450,267,2197,-559,-1682
20140310,14100,14350,13800,13950,82252,0.0,0.0,-5050,20664,11.13,5.76,-73.87,450,267,2197,-559,-1682
20140311,14000,14200,13750,14100,68355,0.0,0.0,-5050,20664,11.13,5.76,-73.87,450,267,2197,-559,-1682
20140312,14200,14250,13800,14050,47891,0.0,0.0,-5050,20664,11.13,5.76,-73.87,450,267,2197,-559,-1682
20140313,14200,14500,14000,14400,100221,0.0,0.0,-5050,20664,11.13,5.76,-73.87,450,267,2197,-559,-1682
20140314,14150,14650,14050,14500,80231,0.0,0.0,-5050,20664,11.13,5.76,-73.87,450,267,2197,-559,-1682
20140317,14350,14750,14350,14500,42075,0.0,0.0,-5050,20664,11.13,5.76,-73.87,450,267,2197,-559,-1682
20140318,14500,14750,14350,14500,56045,0.0,0.0,-5050,20664,11.13,5.76,-73.87,450,267,2197,-559,-1682
20140319,14500,14700,14250,14400,57282,0.0,0.0,-5050,20664,11.13,5.76,-73.87,450,267,2197,-559,-1682
20140320,14300,14700,14250,14600,53381,0.0,0.0,-5050,20664,11.13,5.76,-73.87,450,267,2197,-559,-1682
20140321,14700,14700,14050,14050,63914,0.0,0.0,-5050,20664,11.13,5.76,-73.87,450,267,2197,-559,-1682
20140324,14050,14350,14000,14100,55003,0.0,0.0,-5050,20664,11.13,5.76,-73.87,450,267,2197,-559,-1682
20140325,14050,14800,14050,14750,65512,0.0,0.0,-5050,20664,11.13,5.76,-73.87,450,267,2197,-559,-1682
20140326,14750,15050,14500,14600,60984,0.0,0.0,-5050,20664,11.13,5.76,-73.87,450,267,2197,-559,-1682
20140327,14700,14900,14400,14550,21141,0.0,0.0,-5050,20664,11.13,5.76,-73.87,450,267,2197,-559,-1682
20140328,14550,14800,14200,14300,44413,0.0,0.0,-5050,20664,11.13,5.76,-73.87,450,267,2197,-559,-1682
20140331,14250,14500,14200,14300,26265,0.0,0.0,-5050,20664,11.13,5.76,-73.87,450,267,2197,-559,-1682
20140401,14400,14450,13800,13950,53706,0.0,0.0,-5050,20664,11.13,5.76,-73.87,450,267,2197,-559,-1682
20140402,13950,14100,13800,13850,50286,0.0,0.0,-5050,20664,11.13,5.76,-73.87,450,267,2197,-559,-1682
20140403,13900,14050,13650,13700,44845,0.0,0.0,-5050,20664,11.13,5.76,-73.87,450,267,2197,-559,-1682
20140404,13700,13800,13350,13450,67408,0.0,0.0,-5050,20664,11.13,5.76,-73.87,450,267,2197,-559,-1682
20140407,13450,13550,13300,13450,28924,0.0,0.0,-5050,20664,11.13,5.76,-73.87,450,267,2197,-559,-1682
20140408,13350,13650,13350,13450,25335,0.0,0.0,-5050,20664,11.13,5.76,-73.87,450,267,2197,-559,-1682
20140409,13550,13800,13450,13750,29303,0.0,0.0,-5050,20664,11.13,5.76,-73.87,450,267,2197,-559,-1682
20140410,13850,13950,13700,13900,24960,0.0,0.0,-5050,20664,11.13,5.76,-73.87,450,267,2197,-559,-1682
20140411,13750,14100,13700,13900,26042,0.0,0.0,-5050,20664,11.13,5.76,-73.87,450,267,2197,-559,-1682
20140414,14100,14250,13900,14000,32292,0.0,0.0,-5050,20664,11.13,5.76,-73.87,450,267,2197,-559,-1682
20140415,14100,14300,14000,14100,37433,0.0,0.0,-5050,20664,11.13,5.76,-73.87,450,267,2197,-559,-1682
20140416,14100,14150,13350,13600,103365,0.0,0.0,-5050,20664,11.13,5.76,-73.87,450,267,2197,-559,-1682
20140417,13600,13700,13150,13400,61792,0.0,0.0,-5050,20664,11.13,5.76,-73.87,450,267,2197,-559,-1682
20140418,13450,13600,13300,13450,27577,0.0,0.0,-5050,20664,11.13,5.76,-73.87,450,267,2197,-559,-1682
20140421,13550,13600,13300,13350,13193,0.0,0.0,-5050,20664,11.13,5.76,-73.87,450,267,2197,-559,-1682
20140422,13250,13500,12900,13000,83002,0.0,0.0,-5050,20664,11.13,5.76,-73.87,450,267,2197,-559,-1682
20140423,13000,13350,13000,13350,32063,0.0,0.0,-5050,20664,11.13,5.76,-73.87,450,267,2197,-559,-1682
20140424,13350,13400,13050,13050,28898,0.0,0.0,-5050,20664,11.13,5.76,-73.87,450,267,2197,-559,-1682
20140425,13050,13400,13050,13050,35270,0.0,0.0,-5050,20664,11.13,5.76,-73.87,450,267,2197,-559,-1682
20140428,13150,13150,12850,13100,32531,0.0,0.0,-5050,20664,11.13,5.76,-73.87,450,267,2197,-559,-1682
20140429,13050,13300,12950,13050,26450,0.0,0.0,-5050,20664,11.13,5.76,-73.87,450,267,2197,-559,-1682
20140430,13050,13200,12900,13050,19962,0.0,0.0,-5050,20664,11.13,5.76,-73.87,450,267,2197,-559,-1682
20140502,13050,13200,12900,13000,22790,0.0,0.0,-5050,20664,11.13,5.76,-73.87,450,267,2197,-559,-1682
20140507,13050,13100,12650,12800,22650,0.0,0.0,-5050,20664,11.13,5.76,-73.87,450,267,2197,-559,-1682
20140508,12850,12950,12450,12750,39609,0.0,0.0,-5050,20664,11.13,5.76,-73.87,450,267,2197,-559,-1682
20140509,12650,12900,12650,12900,13830,0.0,0.0,-5050,20664,11.13,5.76,-73.87,450,267,2197,-559,-1682
20140512,13000,13000,12450,12500,34122,0.0,0.0,-5050,20664,11.13,5.76,-73.87,450,267,2197,-559,-1682
20140513,12550,12900,12550,12800,19143,0.0,0.0,-5050,20664,11.13,5.76,-73.87,450,267,2197,-559,-1682
20140514,12800,13050,12750,12950,16162,0.0,0.0,-5050,20664,11.13,5.76,-73.87,450,267,2197,-559,-1682
20140515,12950,13250,12950,13200,27963,0.0,0.0,-5050,20664,11.13,5.76,-73.87,450,267,2197,-559,-1682
20140516,13050,13200,12450,12750,63940,0.0,0.0,-5050,20664,11.13,5.76,-73.87,450,267,2197,-559,-1682
20140519,12700,13150,12650,13100,29846,0.0,0.0,-5050,20664,11.13,5.76,-73.87,450,267,2197,-559,-1682
20140520,13100,13200,12800,12800,13059,0.0,0.0,-5050,20664,11.13,5.76,-73.87,450,267,2197,-559,-1682
20140521,12900,13050,12750,12800,10283,0.0,0.0,-5050,20664,11.13,5.76,-73.87,450,267,2197,-559,-1682
20140522,12800,13050,12700,12900,6023,0.0,0.0,-5050,20664,11.13,5.76,-73.87,450,267,2197,-559,-1682
20140523,12900,13200,12900,13100,12149,0.0,0.0,-5050,20664,11.13,5.76,-73.87,450,267,2197,-559,-1682
20140526,13200,13250,12950,12950,14084,0.0,0.0,-5050,20664,11.13,5.76,-73.87,450,267,2197,-559,-1682
20140527,13000,13000,12700,12900,18121,0.0,0.0,-5050,20664,11.13,5.76,-73.87,450,267,2197,-559,-1682
20140528,13050,13050,12650,12900,21856,0.0,0.0,-5050,20664,11.13,5.76,-73.87,450,267,2197,-559,-1682
20140529,12950,13000,12750,12800,21035,0.0,0.0,-5050,20664,11.13,5.76,-73.87,450,267,2197,-559,-1682
20140530,12850,12850,12600,12850,14412,0.0,0.0,-5050,20664,11.13,5.76,-73.87,450,267,2197,-559,-1682
20140602,12800,12850,12400,12400,25116,0.0,0.0,-5050,20664,11.13,5.76,-73.87,450,267,2197,-559,-1682
20140603,12200,12650,11850,11850,50576,0.0,0.0,-5050,20664,11.13,5.76,-73.87,450,267,2197,-559,-1682
20140605,11700,11950,11100,11200,89220,0.0,0.0,-5050,20664,11.13,5.76,-73.87,450,267,2197,-559,-1682
20140609,11250,11650,11000,11550,88739,0.0,0.0,-5050,20664,11.13,5.76,-73.87,450,267,2197,-559,-1682
20140610,11550,11650,11150,11400,41011,0.0,0.0,-5050,20664,11.13,5.76,-73.87,450,267,2197,-559,-1682
20140611,11400,11500,11250,11300,27460,0.0,0.0,-5050,20664,11.13,5.76,-73.87,450,267,2197,-559,-1682
20140612,11300,11600,11200,11200,48835,0.0,0.0,-5050,20664,11.13,5.76,-73.87,450,267,2197,-559,-1682
20140613,11050,11300,11050,11250,44277,0.0,0.0,-5050,20664,11.13,5.76,-73.87,450,267,2197,-559,-1682
20140616,11250,11500,11250,11450,19482,0.0,0.0,-5050,20664,11.13,5.76,-73.87,450,267,2197,-559,-1682
20140617,11500,11650,11350,11500,27936,0.0,0.0,-5050,20664,11.13,5.76,-73.87,450,267,2197,-559,-1682
20140618,11500,11700,11150,11200,53470,0.0,0.0,-5050,20664,11.13,5.76,-73.87,450,267,2197,-559,-1682
20140619,11350,11350,11100,11100,38036,0.0,0.0,-5050,20664,11.13,5.76,-73.87,450,267,2197,-559,-1682
20140620,11200,11250,11000,11000,32939,0.0,0.0,-5050,20664,11.13,5.76,-73.87,450,267,2197,-559,-1682
20140623,11000,11100,10900,11050,33235,0.0,0.0,-5050,20664,11.13,5.76,-73.87,450,267,2197,-559,-1682
20140624,11150,11150,11000,11050,22548,0.0,0.0,-5050,20664,11.13,5.76,-73.87,450,267,2197,-559,-1682
20140625,11100,11150,10800,10900,36571,0.0,0.0,-5050,20664,11.13,5.76,-73.87,450,267,2197,-559,-1682
20140626,10900,11050,10650,10900,41690,0.0,0.0,-5050,20664,11.13,5.76,-73.87,450,267,2197,-559,-1682
20140627,10900,11000,10700,10900,9656,0.0,0.0,-5050,20664,11.13,5.76,-73.87,450,267,2197,-559,-1682
20140630,11000,11300,10850,11250,22844,0.0,0.0,-5050,20664,11.13,5.76,-73.87,450,267,2197,-559,-1682
20140701,11300,11750,11150,11450,47635,0.0,0.0,-5050,20664,11.13,5.76,-73.87,450,267,2197,-559,-1682
20140702,11650,11800,11500,11500,31453,0.0,0.0,-5050,20664,11.13,5.76,-73.87,450,267,2197,-559,-1682
20140703,11550,12000,11550,12000,44794,0.0,0.0,-5050,20664,11.13,5.76,-73.87,450,267,2197,-559,-1682
20140704,12000,12300,11800,12100,31643,0.0,0.0,-5050,20664,11.13,5.76,-73.87,450,267,2197,-559,-1682
20140707,12150,12300,11900,12050,20056,0.0,0.0,-5050,20664,11.13,5.76,-73.87,450,267,2197,-559,-1682
20140708,12250,12250,11600,11700,28093,0.0,0.0,-5050,20664,11.13,5.76,-73.87,450,267,2197,-559,-1682
20140709,11600,11800,11450,11500,30358,0.0,0.0,-5050,20664,11.13,5.76,-73.87,450,267,2197,-559,-1682
20140710,11600,11800,11450,11750,18498,0.0,0.0,-5050,20664,11.13,5.76,-73.87,450,267,2197,-559,-1682
20140711,11750,11750,11300,11450,26388,0.0,0.0,-5050,20664,11.13,5.76,-73.87,450,267,2197,-559,-1682
20140714,11450,11750,11450,11650,22245,0.0,0.0,-5050,20664,11.13,5.76,-73.87,450,267,2197,-559,-1682
20140715,11600,12300,11600,12100,72640,0.0,0.0,-5050,20664,11.13,5.76,-73.87,450,267,2197,-559,-1682
20140716,12300,12300,11800,11950,29899,0.0,0.0,-5050,20664,11.13,5.76,-73.87,450,267,2197,-559,-1682
20140717,12100,12100,11800,11950,25543,0.0,0.0,-5050,20664,11.13,5.76,-73.87,450,267,2197,-559,-1682
20140718,12050,12050,11500,11500,43824,0.0,0.0,-5050,20664,11.13,5.76,-73.87,450,267,2197,-559,-1682
20140721,11550,11800,11550,11750,16276,0.0,0.0,-5050,20664,11.13,5.76,-73.87,450,267,2197,-559,-1682
20140722,11750,11900,11450,11850,7207,0.0,0.0,-5050,20664,11.13,5.76,-73.87,450,267,2197,-559,-1682
20140723,11950,12100,11700,11950,28261,0.0,0.0,-5050,20664,11.13,5.76,-73.87,450,267,2197,-559,-1682
20140724,11950,12000,11700,11800,14380,0.0,0.0,-5050,20664,11.13,5.76,-73.87,450,267,2197,-559,-1682
20140725,11800,12100,11700,11850,20212,0.0,0.0,-5050,20664,11.13,5.76,-73.87,450,267,2197,-559,-1682
20140728,12100,12100,11750,11950,18521,0.0,0.0,-5050,20664,11.13,5.76,-73.87,450,267,2197,-559,-1682
20140729,12100,12400,11800,12350,48495,0.0,0.0,-5050,20664,11.13,5.76,-73.87,450,267,2197,-559,-1682
20140730,12500,12500,12100,12150,29279,0.0,0.0,-5050,20664,11.13,5.76,-73.87,450,267,2197,-559,-1682
20140731,12350,12700,12100,12700,53297,0.0,0.0,-5050,20664,11.13,5.76,-73.87,450,267,2197,-559,-1682
20140801,12500,12900,12500,12900,51069,0.0,0.0,-5050,20664,11.13,5.76,-73.87,450,267,2197,-559,-1682
20140804,12900,13100,12450,12700,41150,0.0,0.0,-5050,20664,11.13,5.76,-73.87,450,267,2197,-559,-1682
20140805,12800,13000,12800,12850,29362,0.0,0.0,-5050,20664,11.13,5.76,-73.87,450,267,2197,-559,-1682
20140806,12950,13050,12850,12950,27985,0.0,0.0,-5050,20664,11.13,5.76,-73.87,450,267,2197,-559,-1682
20140807,13050,13350,12850,12850,64514,0.0,0.0,-5050,20664,11.13,5.76,-73.87,450,267,2197,-559,-1682
20140808,12800,13200,12550,13200,32437,0.0,0.0,-5050,20664,11.13,5.76,-73.87,450,267,2197,-559,-1682
20140811,13400,13600,13150,13450,43961,0.0,0.0,-5050,20664,11.13,5.76,-73.87,450,267,2197,-559,-1682
20140812,13550,13550,13150,13350,40035,0.0,0.0,-5050,20664,11.13,5.76,-73.87,450,267,2197,-559,-1682
20140813,13350,13700,13300,13450,33352,0.0,0.0,-5050,20664,11.13,5.76,-73.87,450,267,2197,-559,-1682
20140814,13450,13450,13200,13400,24385,0.0,0.0,-5050,20664,11.13,5.76,-73.87,450,267,2197,-559,-1682
20140818,13400,13500,13050,13150,33571,0.0,0.0,-5050,20664,11.13,5.76,-73.87,450,267,2197,-559,-1682
20140819,13150,13750,13150,13700,37967,0.0,0.0,-5050,20664,11.13,5.76,-73.87,450,267,2197,-559,-1682
20140820,13650,13900,13450,13700,40779,0.0,0.0,-5050,20664,11.13,5.76,-73.87,450,267,2197,-559,-1682
20140821,13750,13750,13400,13400,31669,0.0,0.0,-5050,20664,11.13,5.76,-73.87,450,267,2197,-559,-1682
20140822,13600,13650,13400,13550,23510,0.0,0.0,-5050,20664,11.13,5.76,-73.87,450,267,2197,-559,-1682
20140825,13550,13600,13000,13250,37837,0.0,0.0,-5050,20664,11.13,5.76,-73.87,450,267,2197,-559,-1682
20140826,13450,13500,13150,13300,37116,0.0,0.0,-5050,20664,11.13,5.76,-73.87,450,267,2197,-559,-1682
20140827,13400,14000,13300,13950,90079,0.0,0.0,-5050,20664,11.13,5.76,-73.87,450,267,2197,-559,-1682
20140828,13950,14000,13350,13350,41586,0.0,0.0,-5050,20664,11.13,5.76,-73.87,450,267,2197,-559,-1682
20140829,13350,13650,13350,13550,16815,0.0,0.0,-5050,20664,11.13,5.76,-73.87,450,267,2197,-559,-1682
20140901,13350,13500,13100,13450,24331,0.0,0.0,-5050,20664,11.13,5.76,-73.87,450,267,2197,-559,-1682
20140902,13550,13550,12900,12900,26734,0.0,0.0,-5050,20664,11.13,5.76,-73.87,450,267,2197,-559,-1682
20140903,12900,13150,12300,12300,91680,0.0,0.0,-5050,20664,11.13,5.76,-73.87,450,267,2197,-559,-1682
20140904,12450,13000,12400,13000,49877,0.0,0.0,-5050,20664,11.13,5.76,-73.87,450,267,2197,-559,-1682
20140905,13000,13300,12900,13150,19697,0.0,0.0,-5050,20664,11.13,5.76,-73.87,450,267,2197,-559,-1682
20140911,13350,13400,12950,12950,15393,0.0,0.0,-5050,20664,11.13,5.76,-73.87,450,267,2197,-559,-1682
20140912,13100,13200,12850,13000,17068,0.0,0.0,-5050,20664,11.13,5.76,-73.87,450,267,2197,-559,-1682
20140915,12800,12900,12350,12500,51482,0.0,0.0,-5050,20664,11.13,5.76,-73.87,450,267,2197,-559,-1682
20140916,12450,12950,12250,12600,21388,0.0,0.0,-5050,20664,11.13,5.76,-73.87,450,267,2197,-559,-1682
20140917,12600,13000,12600,12700,20558,0.0,0.0,-5050,20664,11.13,5.76,-73.87,450,267,2197,-559,-1682
20140918,12700,13000,12300,12450,33380,0.0,0.0,-5050,20664,11.13,5.76,-73.87,450,267,2197,-559,-1682
20140919,12500,12700,12500,12600,18165,0.0,0.0,-5050,20664,11.13,5.76,-73.87,450,267,2197,-559,-1682
20140922,12500,13100,12500,13000,31140,0.0,0.0,-5050,20664,11.13,5.76,-73.87,450,267,2197,-559,-1682
20140923,12900,13100,12800,13000,16805,0.0,0.0,-5050,20664,11.13,5.76,-73.87,450,267,2197,-559,-1682
20140924,13000,13400,12950,13350,33041,0.0,0.0,-5050,20664,11.13,5.76,-73.87,450,267,2197,-559,-1682
20140925,13450,13450,13200,13250,16142,0.0,0.0,-5050,20664,11.13,5.76,-73.87,450,267,2197,-559,-1682
20140926,13200,13400,13050,13200,21343,0.0,0.0,-5050,20664,11.13,5.76,-73.87,450,267,2197,-559,-1682
20140929,13450,13900,13400,13500,65725,0.0,0.0,-5050,20664,11.13,5.76,-73.87,450,267,2197,-559,-1682
20140930,13500,13650,13050,13250,35308,0.0,0.0,-5050,20664,11.13,5.76,-73.87,450,267,2197,-559,-1682
20141001,13200,13550,13150,13500,57709,0.0,0.0,-5050,20664,11.13,5.76,-73.87,450,267,2197,-559,-1682
20141002,13450,13600,13300,13300,36125,0.0,0.0,-5050,20664,11.13,5.76,-73.87,450,267,2197,-559,-1682
20141006,13500,13550,13150,13550,47243,0.0,0.0,-5050,20664,11.13,5.76,-73.87,450,267,2197,-559,-1682
20141007,13650,13650,13050,13200,62725,0.0,0.0,-5050,20664,11.13,5.76,-73.87,450,267,2197,-559,-1682
20141008,13200,14250,13150,14200,115570,0.0,0.0,-5050,20664,11.13,5.76,-73.87,450,267,2197,-559,-1682
20141010,14200,14250,13750,13950,60843,0.0,0.0,-5050,20664,11.13,5.76,-73.87,450,267,2197,-559,-1682
20141013,13850,14050,13350,13700,82241,0.0,0.0,-5050,20664,11.13,5.76,-73.87,450,267,2197,-559,-1682
20141014,13500,13850,13400,13550,44742,0.0,0.0,-5050,20664,11.13,5.76,-73.87,450,267,2197,-559,-1682
20141015,13550,13700,12900,13000,64296,0.0,0.0,-5050,20664,11.13,5.76,-73.87,450,267,2197,-559,-1682
20141016,12850,13000,12500,12600,66539,0.0,0.0,-5050,20664,11.13,5.76,-73.87,450,267,2197,-559,-1682
20141017,12600,12850,12250,12400,56844,0.0,0.0,-5050,20664,11.13,5.76,-73.87,450,267,2197,-559,-1682
20141020,12550,13050,12400,12750,63102,0.0,0.0,-5050,20664,11.13,5.76,-73.87,450,267,2197,-559,-1682
20141021,12750,12900,12450,12550,24840,0.0,0.0,-5050,20664,11.13,5.76,-73.87,450,267,2197,-559,-1682
20141022,12600,13200,12600,13000,67532,0.0,0.0,-5050,20664,11.13,5.76,-73.87,450,267,2197,-559,-1682
20141023,13000,13200,12750,12900,42043,0.0,0.0,-5050,20664,11.13,5.76,-73.87,450,267,2197,-559,-1682
20141024,13000,13100,12550,12600,62421,0.0,0.0,-5050,20664,11.13,5.76,-73.87,450,267,2197,-559,-1682
20141027,12600,12900,12600,12900,24411,0.0,0.0,-5050,20664,11.13,5.76,-73.87,450,267,2197,-559,-1682
20141028,12850,12900,12650,12750,13670,0.0,0.0,-5050,20664,11.13,5.76,-73.87,450,267,2197,-559,-1682
20141029,12650,12950,12600,12800,31176,0.0,0.0,-5050,20664,11.13,5.76,-73.87,450,267,2197,-559,-1682
20141030,12900,12900,12550,12750,20967,0.0,0.0,-5050,20664,11.13,5.76,-73.87,450,267,2197,-559,-1682
20141031,12700,12750,12100,12500,66685,0.0,0.0,-5050,20664,11.13,5.76,-73.87,450,267,2197,-559,-1682
20141103,12550,12650,12250,12500,16767,0.0,0.0,-5050,20664,11.13,5.76,-73.87,450,267,2197,-559,-1682
20141104,12500,12600,11950,12200,69990,0.0,0.0,-5050,20664,11.13,5.76,-73.87,450,267,2197,-559,-1682
20141105,12200,12300,11950,12050,17597,0.0,0.0,-5050,20664,11.13,5.76,-73.87,450,267,2197,-559,-1682
20141106,12000,12150,11800,11900,23980,0.0,0.0,-5050,20664,11.13,5.76,-73.87,450,267,2197,-559,-1682
20141107,11850,12250,11850,12150,41178,0.0,0.0,-5050,20664,11.13,5.76,-73.87,450,267,2197,-559,-1682
20141110,12100,12200,11650,11700,52044,0.0,0.0,-5050,20664,11.13,5.76,-73.87,450,267,2197,-559,-1682
20141111,11700,11900,11600,11900,71496,0.0,0.0,-5050,20664,11.13,5.76,-73.87,450,267,2197,-559,-1682
20141112,11950,12000,11700,11800,30970,0.0,0.0,-5050,20664,11.13,5.76,-73.87,450,267,2197,-559,-1682
20141113,11800,12000,11750,11950,35052,0.0,0.0,-5050,20664,11.13,5.76,-73.87,450,267,2197,-559,-1682
20141114,11900,12100,11750,11900,40901,0.0,0.0,-5050,20664,11.13,5.76,-73.87,450,267,2197,-559,-1682
20141117,12000,12300,11950,12100,103490,0.0,0.0,-5050,20664,11.13,5.76,-73.87,450,267,2197,-559,-1682
20141118,12300,12650,12050,12650,76792,0.0,0.0,-5050,20664,11.13,5.76,-73.87,450,267,2197,-559,-1682
20141119,12700,12850,12550,12700,53699,0.0,0.0,-5050,20664,11.13,5.76,-73.87,450,267,2197,-559,-1682
20141120,12750,13000,12550,12900,55822,0.0,0.0,-5050,20664,11.13,5.76,-73.87,450,267,2197,-559,-1682
20141121,13000,13000,12800,12850,13667,0.0,0.0,-5050,20664,11.13,5.76,-73.87,450,267,2197,-559,-1682
20141124,12800,12950,12700,12850,24960,0.0,0.0,-5050,20664,11.13,5.76,-73.87,450,267,2197,-559,-1682
20141125,12950,13000,12800,13000,27582,0.0,0.0,-5050,20664,11.13,5.76,-73.87,450,267,2197,-559,-1682
20141126,13100,13100,12750,12850,34531,0.0,0.0,-5050,20664,11.13,5.76,-73.87,450,267,2197,-559,-1682
20141127,12950,12950,12700,12750,12137,0.0,0.0,-5050,20664,11.13,5.76,-73.87,450,267,2197,-559,-1682
20141128,12750,12800,12550,12650,11774,0.0,0.0,-5050,20664,11.13,5.76,-73.87,450,267,2197,-559,-1682
20141201,12650,12700,12450,12600,13185,0.0,0.0,-5050,20664,11.13,5.76,-73.87,450,267,2197,-559,-1682
20141202,12600,13300,12600,13050,50238,0.0,0.0,-5050,20664,11.13,5.76,-73.87,450,267,2197,-559,-1682
20141203,13000,13400,13000,13300,47545,0.0,0.0,-5050,20664,11.13,5.76,-73.87,450,267,2197,-559,-1682
20141204,13400,13400,13100,13200,24789,0.0,0.0,-5050,20664,11.13,5.76,-73.87,450,267,2197,-559,-1682
20141205,13350,13600,13150,13500,22362,0.0,0.0,-5050,20664,11.13,5.76,-73.87,450,267,2197,-559,-1682
20141208,13750,13750,13250,13250,27123,0.0,0.0,-5050,20664,11.13,5.76,-73.87,450,267,2197,-559,-1682
20141209,13400,13400,12850,13200,29816,0.0,0.0,-5050,20664,11.13,5.76,-73.87,450,267,2197,-559,-1682
20141210,13300,13350,12800,12950,34851,0.0,0.0,-5050,20664,11.13,5.76,-73.87,450,267,2197,-559,-1682
20141211,12950,13100,12700,12700,29693,0.0,0.0,-5050,20664,11.13,5.76,-73.87,450,267,2197,-559,-1682
20141212,12650,12850,12500,12550,22124,0.0,0.0,-5050,20664,11.13,5.76,-73.87,450,267,2197,-559,-1682
20141215,12500,12550,12150,12550,11551,0.0,0.0,-5050,20664,11.13,5.76,-73.87,450,267,2197,-559,-1682
20141216,12450,12600,12300,12550,17178,0.0,0.0,-5050,20664,11.13,5.76,-73.87,450,267,2197,-559,-1682
20141217,12450,12500,12300,12350,22071,0.0,0.0,-5050,20664,11.13,5.76,-73.87,450,267,2197,-559,-1682
20141218,12450,12550,12150,12450,27715,0.0,0.0,-5050,20664,11.13,5.76,-73.87,450,267,2197,-559,-1682
20141219,12450,12600,12200,12550,15431,0.0,0.0,-5050,20664,11.13,5.76,-73.87,450,267,2197,-559,-1682
20141222,12700,12700,12300,12450,29607,0.0,0.0,-5050,20664,11.13,5.76,-73.87,450,267,2197,-559,-1682
20141223,12500,12500,12150,12350,19512,0.0,0.0,-5050,20664,11.13,5.76,-73.87,450,267,2197,-559,-1682
20141224,12300,12600,12300,12500,34015,0.0,0.0,-5050,20664,11.13,5.76,-73.87,450,267,2197,-559,-1682
20141226,12550,12750,12400,12700,38556,0.0,0.0,-5050,20664,11.13,5.76,-73.87,450,267,2197,-559,-1682
20141229,12400,12500,12200,12200,16439,0.0,0.0,-5050,20664,11.13,5.76,-73.87,450,267,2197,-559,-1682
20141230,12200,12250,12100,12200,13655,0.0,0.0,-5050,20664,11.13,5.76,-73.87,450,267,2197,-559,-1682
20150102,12300,12350,11850,11950,18021,3.71,0.53,791,21340,11.77,1.99,-26.5,200,266,2830,-791,-1005
20150105,11850,11900,11550,11800,24129,3.71,0.53,791,21340,11.77,1.99,-26.5,200,266,2830,-791,-1005
20150106,11700,11800,11500,11750,25693,3.71,0.53,791,21340,11.77,1.99,-26.5,200,266,2830,-791,-1005
20150107,11600,12100,11550,11700,35239,3.71,0.53,791,21340,11.77,1.99,-26.5,200,266,2830,-791,-1005
20150108,11850,11900,11700,11900,13708,3.71,0.53,791,21340,11.77,1.99,-26.5,200,266,2830,-791,-1005
20150109,11850,12050,11800,12000,18398,3.71,0.53,791,21340,11.77,1.99,-26.5,200,266,2830,-791,-1005
20150112,12000,12000,11800,11900,17645,3.71,0.53,791,21340,11.77,1.99,-26.5,200,266,2830,-791,-1005
20150113,11850,11850,11550,11700,38020,3.71,0.53,791,21340,11.77,1.99,-26.5,200,266,2830,-791,-1005
20150114,11750,11800,11500,11550,37389,3.71,0.53,791,21340,11.77,1.99,-26.5,200,266,2830,-791,-1005
20150115,11450,11700,11450,11600,21701,3.71,0.53,791,21340,11.77,1.99,-26.5,200,266,2830,-791,-1005
20150116,11600,11650,11350,11450,26433,3.71,0.53,791,21340,11.77,1.99,-26.5,200,266,2830,-791,-1005
20150119,11500,11700,11450,11650,15154,3.71,0.53,791,21340,11.77,1.99,-26.5,200,266,2830,-791,-1005
20150120,11700,11850,11650,11850,17946,3.71,0.53,791,21340,11.77,1.99,-26.5,200,266,2830,-791,-1005
20150121,11850,11950,11700,11750,26369,3.71,0.53,791,21340,11.77,1.99,-26.5,200,266,2830,-791,-1005
20150122,11750,12200,11600,11700,65413,3.71,0.53,791,21340,11.77,1.99,-26.5,200,266,2830,-791,-1005
20150123,11700,11700,11450,11550,41848,3.71,0.53,791,21340,11.77,1.99,-26.5,200,266,2830,-791,-1005
20150126,11650,11650,11450,11600,12062,3.71,0.53,791,21340,11.77,1.99,-26.5,200,266,2830,-791,-1005
20150127,11700,11800,11600,11800,19900,3.71,0.53,791,21340,11.77,1.99,-26.5,200,266,2830,-791,-1005
20150128,11800,11900,11500,11600,28022,3.71,0.53,791,21340,11.77,1.99,-26.5,200,266,2830,-791,-1005
20150129,11600,11700,11500,11650,8029,3.71,0.53,791,21340,11.77,1.99,-26.5,200,266,2830,-791,-1005
20150130,11700,11750,11400,11550,24289,3.71,0.53,791,21340,11.77,1.99,-26.5,200,266,2830,-791,-1005
20150202,11450,11600,11400,11550,26452,3.71,0.53,791,21340,11.77,1.99,-26.5,200,266,2830,-791,-1005
20150203,11550,11600,11350,11400,28362,3.71,0.53,791,21340,11.77,1.99,-26.5,200,266,2830,-791,-1005
20150204,11400,11600,11400,11550,27722,3.71,0.53,791,21340,11.77,1.99,-26.5,200,266,2830,-791,-1005
20150205,11600,11700,11450,11650,29006,3.71,0.53,791,21340,11.77,1.99,-26.5,200,266,2830,-791,-1005
20150206,11700,11700,11400,11600,29279,3.71,0.53,791,21340,11.77,1.99,-26.5,200,266,2830,-791,-1005
20150209,11500,12000,11400,11750,64421,3.71,0.53,791,21340,11.77,1.99,-26.5,200,266,2830,-791,-1005
20150210,11850,11950,11650,11800,26213,3.71,0.53,791,21340,11.77,1.99,-26.5,200,266,2830,-791,-1005
20150211,11900,12000,11750,12000,30926,3.71,0.53,791,21340,11.77,1.99,-26.5,200,266,2830,-791,-1005
20150212,12100,12100,11800,11800,49293,3.71,0.53,791,21340,11.77,1.99,-26.5,200,266,2830,-791,-1005
20150213,11800,12350,11750,12300,34904,3.71,0.53,791,21340,11.77,1.99,-26.5,200,266,2830,-791,-1005
20150216,12300,12900,12250,12450,101995,3.71,0.53,791,21340,11.77,1.99,-26.5,200,266,2830,-791,-1005
20150217,12350,12500,11900,12000,56772,3.71,0.53,791,21340,11.77,1.99,-26.5,200,266,2830,-791,-1005
20150223,12200,12400,11800,11950,56192,3.71,0.53,791,21340,11.77,1.99,-26.5,200,266,2830,-791,-1005
20150224,11950,12250,11900,12200,30196,3.71,0.53,791,21340,11.77,1.99,-26.5,200,266,2830,-791,-1005
20150225,12350,12350,12000,12100,49781,3.71,0.53,791,21340,11.77,1.99,-26.5,200,266,2830,-791,-1005
20150226,12300,12300,12050,12200,42480,3.71,0.53,791,21340,11.77,1.99,-26.5,200,266,2830,-791,-1005
20150227,12100,12300,11950,12000,41474,3.71,0.53,791,21340,11.77,1.99,-26.5,200,266,2830,-791,-1005
20150302,11850,12150,11800,12100,42833,3.71,0.53,791,21340,11.77,1.99,-26.5,200,266,2830,-791,-1005
20150303,12250,12250,11850,12200,48331,3.71,0.53,791,21340,11.77,1.99,-26.5,200,266,2830,-791,-1005
20150304,12100,12400,12000,12350,28932,3.71,0.53,791,21340,11.77,1.99,-26.5,200,266,2830,-791,-1005
20150305,12200,12450,12150,12300,37684,3.71,0.53,791,21340,11.77,1.99,-26.5,200,266,2830,-791,-1005
20150306,12250,12750,12250,12600,55701,3.71,0.53,791,21340,11.77,1.99,-26.5,200,266,2830,-791,-1005
20150309,12650,12800,12400,12700,29815,3.71,0.53,791,21340,11.77,1.99,-26.5,200,266,2830,-791,-1005
20150310,12750,12750,12350,12450,37777,3.71,0.53,791,21340,11.77,1.99,-26.5,200,266,2830,-791,-1005
20150311,12350,12400,12200,12250,24001,3.71,0.53,791,21340,11.77,1.99,-26.5,200,266,2830,-791,-1005
20150312,12050,12300,12000,12000,51344,3.71,0.53,791,21340,11.77,1.99,-26.5,200,266,2830,-791,-1005
20150313,12050,12600,12050,12500,30425,3.71,0.53,791,21340,11.77,1.99,-26.5,200,266,2830,-791,-1005
20150316,12750,13050,12600,12600,94535,3.71,0.53,791,21340,11.77,1.99,-26.5,200,266,2830,-791,-1005
20150317,12850,13000,12550,12700,25793,3.71,0.53,791,21340,11.77,1.99,-26.5,200,266,2830,-791,-1005
20150318,12700,13000,12600,12950,33146,3.71,0.53,791,21340,11.77,1.99,-26.5,200,266,2830,-791,-1005
20150319,12950,13050,12800,12800,24121,3.71,0.53,791,21340,11.77,1.99,-26.5,200,266,2830,-791,-1005
20150320,12700,13000,12500,12650,33621,3.71,0.53,791,21340,11.77,1.99,-26.5,200,266,2830,-791,-1005
20150323,12900,12900,12400,12500,35225,3.71,0.53,791,21340,11.77,1.99,-26.5,200,266,2830,-791,-1005
20150324,12600,12700,12450,12600,33983,3.71,0.53,791,21340,11.77,1.99,-26.5,200,266,2830,-791,-1005
20150325,12800,12800,12400,12500,32355,3.71,0.53,791,21340,11.77,1.99,-26.5,200,266,2830,-791,-1005
20150326,12600,12600,12250,12400,23771,3.71,0.53,791,21340,11.77,1.99,-26.5,200,266,2830,-791,-1005
20150327,12300,12550,12250,12300,17730,3.71,0.53,791,21340,11.77,1.99,-26.5,200,266,2830,-791,-1005
20150330,12200,12550,12200,12450,21005,3.71,0.53,791,21340,11.77,1.99,-26.5,200,266,2830,-791,-1005
20150331,12450,12700,12450,12600,32847,3.71,0.53,791,21340,11.77,1.99,-26.5,200,266,2830,-791,-1005
20150401,12600,12800,12450,12650,34421,3.71,0.53,791,21340,11.77,1.99,-26.5,200,266,2830,-791,-1005
20150402,12650,12900,12500,12800,50205,3.71,0.53,791,21340,11.77,1.99,-26.5,200,266,2830,-791,-1005
20150403,12950,12950,12600,12750,41618,3.71,0.53,791,21340,11.77,1.99,-26.5,200,266,2830,-791,-1005
20150406,12750,12950,12700,12800,45713,3.71,0.53,791,21340,11.77,1.99,-26.5,200,266,2830,-791,-1005
20150407,12950,12950,12600,12750,42852,3.71,0.53,791,21340,11.77,1.99,-26.5,200,266,2830,-791,-1005
20150408,12850,12850,12650,12750,28029,3.71,0.53,791,21340,11.77,1.99,-26.5,200,266,2830,-791,-1005
20150409,12750,12900,12650,12850,30668,3.71,0.53,791,21340,11.77,1.99,-26.5,200,266,2830,-791,-1005
20150410,12850,13150,12850,13100,66376,3.71,0.53,791,21340,11.77,1.99,-26.5,200,266,2830,-791,-1005
20150413,13100,13200,12800,13000,48254,3.71,0.53,791,21340,11.77,1.99,-26.5,200,266,2830,-791,-1005
20150414,13050,13050,12750,12950,48986,3.71,0.53,791,21340,11.77,1.99,-26.5,200,266,2830,-791,-1005
20150415,13050,13200,12900,13150,43911,3.71,0.53,791,21340,11.77,1.99,-26.5,200,266,2830,-791,-1005
20150416,13150,13650,13100,13550,85987,3.71,0.53,791,21340,11.77,1.99,-26.5,200,266,2830,-791,-1005
20150417,13450,14700,13450,14150,159981,3.71,0.53,791,21340,11.77,1.99,-26.5,200,266,2830,-791,-1005
20150420,14150,14550,14000,14050,103420,3.71,0.53,791,21340,11.77,1.99,-26.5,200,266,2830,-791,-1005
20150421,14150,14350,14000,14100,68972,3.71,0.53,791,21340,11.77,1.99,-26.5,200,266,2830,-791,-1005
20150422,14400,14650,13650,13950,117093,3.71,0.53,791,21340,11.77,1.99,-26.5,200,266,2830,-791,-1005
20150423,14100,14250,13450,13950,69484,3.71,0.53,791,21340,11.77,1.99,-26.5,200,266,2830,-791,-1005
20150424,14100,14400,13650,14000,57066,3.71,0.53,791,21340,11.77,1.99,-26.5,200,266,2830,-791,-1005
20150427,14150,14500,13850,14300,43025,3.71,0.53,791,21340,11.77,1.99,-26.5,200,266,2830,-791,-1005
20150428,14450,14450,14000,14100,31792,3.71,0.53,791,21340,11.77,1.99,-26.5,200,266,2830,-791,-1005
20150429,14100,14250,13850,13950,33467,3.71,0.53,791,21340,11.77,1.99,-26.5,200,266,2830,-791,-1005
20150430,13950,14300,13700,13900,61694,3.71,0.53,791,21340,11.77,1.99,-26.5,200,266,2830,-791,-1005
20150504,13900,14500,13750,14500,58518,3.71,0.53,791,21340,11.77,1.99,-26.5,200,266,2830,-791,-1005
20150506,14500,14500,13750,13950,60511,3.71,0.53,791,21340,11.77,1.99,-26.5,200,266,2830,-791,-1005
20150507,13800,13950,13550,13900,42641,3.71,0.53,791,21340,11.77,1.99,-26.5,200,266,2830,-791,-1005
20150508,13900,14050,13750,13950,17969,3.71,0.53,791,21340,11.77,1.99,-26.5,200,266,2830,-791,-1005
20150511,14200,14250,13950,14150,44997,3.71,0.53,791,21340,11.77,1.99,-26.5,200,266,2830,-791,-1005
20150512,14300,14300,13750,13950,36848,3.71,0.53,791,21340,11.77,1.99,-26.5,200,266,2830,-791,-1005
20150513,13950,15700,13900,15400,159073,3.71,0.53,791,21340,11.77,1.99,-26.5,200,266,2830,-791,-1005
20150514,15350,16250,15150,15850,162434,3.71,0.53,791,21340,11.77,1.99,-26.5,200,266,2830,-791,-1005
20150515,15850,15950,15050,15250,79900,3.71,0.53,791,21340,11.77,1.99,-26.5,200,266,2830,-791,-1005
20150518,15250,16450,14800,15900,118691,3.71,0.53,791,21340,11.77,1.99,-26.5,200,266,2830,-791,-1005
20150519,15650,16000,15450,15750,94602,3.71,0.53,791,21340,11.77,1.99,-26.5,200,266,2830,-791,-1005
20150520,15650,16150,15450,15650,84110,3.71,0.53,791,21340,11.77,1.99,-26.5,200,266,2830,-791,-1005
20150521,15950,15950,15550,15800,76228,3.71,0.53,791,21340,11.77,1.99,-26.5,200,266,2830,-791,-1005
20150522,15850,16750,15550,16600,152894,3.71,0.53,791,21340,11.77,1.99,-26.5,200,266,2830,-791,-1005
20150526,16550,16750,15900,16050,110212,3.71,0.53,791,21340,11.77,1.99,-26.5,200,266,2830,-791,-1005
20150527,15750,15750,14750,14850,153364,3.71,0.53,791,21340,11.77,1.99,-26.5,200,266,2830,-791,-1005
20150528,14950,15200,14450,14550,136670,3.71,0.53,791,21340,11.77,1.99,-26.5,200,266,2830,-791,-1005
20150529,14400,15200,14300,15200,107717,3.71,0.53,791,21340,11.77,1.99,-26.5,200,266,2830,-791,-1005
20150601,15400,15400,14300,14450,75648,3.71,0.53,791,21340,11.77,1.99,-26.5,200,266,2830,-791,-1005
20150602,14600,14650,14150,14200,34975,3.71,0.53,791,21340,11.77,1.99,-26.5,200,266,2830,-791,-1005
20150603,14100,14450,13850,14000,34255,3.71,0.53,791,21340,11.77,1.99,-26.5,200,266,2830,-791,-1005
20150604,14050,14350,13850,13900,28361,3.71,0.53,791,21340,11.77,1.99,-26.5,200,266,2830,-791,-1005
20150605,13850,14050,13450,13600,42571,3.71,0.53,791,21340,11.77,1.99,-26.5,200,266,2830,-791,-1005
20150608,13800,14100,13700,14000,28099,3.71,0.53,791,21340,11.77,1.99,-26.5,200,266,2830,-791,-1005
20150609,14000,14450,13950,14350,29830,3.71,0.53,791,21340,11.77,1.99,-26.5,200,266,2830,-791,-1005
20150610,14450,14450,14050,14300,27063,3.71,0.53,791,21340,11.77,1.99,-26.5,200,266,2830,-791,-1005
20150611,14450,14750,14200,14750,59407,3.71,0.53,791,21340,11.77,1.99,-26.5,200,266,2830,-791,-1005
20150612,14700,14850,14250,14250,38498,3.71,0.53,791,21340,11.77,1.99,-26.5,200,266,2830,-791,-1005
20150615,14500,14550,13900,13950,19004,3.71,0.53,791,21340,11.77,1.99,-26.5,200,266,2830,-791,-1005
20150616,14250,14250,13850,13950,39906,3.71,0.53,791,21340,11.77,1.99,-26.5,200,266,2830,-791,-1005
20150617,14050,14150,13600,13600,32734,3.71,0.53,791,21340,11.77,1.99,-26.5,200,266,2830,-791,-1005
20150618,13700,14350,13600,14100,43233,3.71,0.53,791,21340,11.77,1.99,-26.5,200,266,2830,-791,-1005
20150619,14250,14400,13850,14150,33181,3.71,0.53,791,21340,11.77,1.99,-26.5,200,266,2830,-791,-1005
20150622,14150,14450,14150,14200,24755,3.71,0.53,791,21340,11.77,1.99,-26.5,200,266,2830,-791,-1005
20150623,14300,14650,14250,14650,37279,3.71,0.53,791,21340,11.77,1.99,-26.5,200,266,2830,-791,-1005
20150624,14950,15300,14900,15100,63014,3.71,0.53,791,21340,11.77,1.99,-26.5,200,266,2830,-791,-1005
20150625,14950,15050,14750,15050,32009,3.71,0.53,791,21340,11.77,1.99,-26.5,200,266,2830,-791,-1005
20150626,15050,15050,14750,15000,39306,3.71,0.53,791,21340,11.77,1.99,-26.5,200,266,2830,-791,-1005
20150629,14800,15050,14300,14500,42776,3.71,0.53,791,21340,11.77,1.99,-26.5,200,266,2830,-791,-1005
20150630,14200,14450,14000,14300,38953,3.71,0.53,791,21340,11.77,1.99,-26.5,200,266,2830,-791,-1005
20150701,14150,14600,14100,14550,24050,3.71,0.53,791,21340,11.77,1.99,-26.5,200,266,2830,-791,-1005
20150702,14500,14700,14250,14650,43150,3.71,0.53,791,21340,11.77,1.99,-26.5,200,266,2830,-791,-1005
20150703,14700,15200,14700,15100,45769,3.71,0.53,791,21340,11.77,1.99,-26.5,200,266,2830,-791,-1005
20150706,15000,15400,14850,15150,62494,3.71,0.53,791,21340,11.77,1.99,-26.5,200,266,2830,-791,-1005
20150707,15200,15450,14750,15300,66709,3.71,0.53,791,21340,11.77,1.99,-26.5,200,266,2830,-791,-1005
20150708,15500,15500,15100,15200,36397,3.71,0.53,791,21340,11.77,1.99,-26.5,200,266,2830,-791,-1005
20150709,14900,15000,13800,14350,87469,3.71,0.53,791,21340,11.77,1.99,-26.5,200,266,2830,-791,-1005
20150710,14400,15000,14350,14950,44233,3.71,0.53,791,21340,11.77,1.99,-26.5,200,266,2830,-791,-1005
20150713,15150,15500,15000,15250,64820,3.71,0.53,791,21340,11.77,1.99,-26.5,200,266,2830,-791,-1005
20150714,15450,16250,15250,16150,120872,3.71,0.53,791,21340,11.77,1.99,-26.5,200,266,2830,-791,-1005
20150715,16250,19450,16150,18650,359220,3.71,0.53,791,21340,11.77,1.99,-26.5,200,266,2830,-791,-1005
20150716,18850,19400,18500,19100,215837,3.71,0.53,791,21340,11.77,1.99,-26.5,200,266,2830,-791,-1005
20150717,19100,19300,18350,19000,125171,3.71,0.53,791,21340,11.77,1.99,-26.5,200,266,2830,-791,-1005
20150720,18950,18950,17950,18350,135887,3.71,0.53,791,21340,11.77,1.99,-26.5,200,266,2830,-791,-1005
20150721,18650,19100,18450,18600,130046,3.71,0.53,791,21340,11.77,1.99,-26.5,200,266,2830,-791,-1005
20150722,18500,18800,17650,17750,87081,3.71,0.53,791,21340,11.77,1.99,-26.5,200,266,2830,-791,-1005
20150723,17750,18050,17050,17850,59207,3.71,0.53,791,21340,11.77,1.99,-26.5,200,266,2830,-791,-1005
20150724,17600,17950,17450,17500,45318,3.71,0.53,791,21340,11.77,1.99,-26.5,200,266,2830,-791,-1005
20150727,17800,17800,17200,17450,44451,3.71,0.53,791,21340,11.77,1.99,-26.5,200,266,2830,-791,-1005
20150728,17200,17250,16650,17000,60154,3.71,0.53,791,21340,11.77,1.99,-26.5,200,266,2830,-791,-1005
20150729,17300,17750,16950,17050,49387,3.71,0.53,791,21340,11.77,1.99,-26.5,200,266,2830,-791,-1005
20150730,17100,17600,17000,17000,56220,3.71,0.53,791,21340,11.77,1.99,-26.5,200,266,2830,-791,-1005
20150731,17600,17600,16550,17100,47975,3.71,0.53,791,21340,11.77,1.99,-26.5,200,266,2830,-791,-1005
20150803,17200,18700,17200,18350,60290,3.71,0.53,791,21340,11.77,1.99,-26.5,200,266,2830,-791,-1005
20150804,18150,18600,17800,18450,67525,3.71,0.53,791,21340,11.77,1.99,-26.5,200,266,2830,-791,-1005
20150805,18500,18600,17950,18100,35438,3.71,0.53,791,21340,11.77,1.99,-26.5,200,266,2830,-791,-1005
20150806,18450,18450,17850,18000,28309,3.71,0.53,791,21340,11.77,1.99,-26.5,200,266,2830,-791,-1005
20150807,18000,18100,17600,17950,20846,3.71,0.53,791,21340,11.77,1.99,-26.5,200,266,2830,-791,-1005
20150810,18250,18250,16850,17000,54324,3.71,0.53,791,21340,11.77,1.99,-26.5,200,266,2830,-791,-1005
20150811,17200,17400,16650,16900,41945,3.71,0.53,791,21340,11.77,1.99,-26.5,200,266,2830,-791,-1005
20150812,16950,17000,16050,16400,45960,3.71,0.53,791,21340,11.77,1.99,-26.5,200,266,2830,-791,-1005
20150813,16400,17050,16400,16950,62341,3.71,0.53,791,21340,11.77,1.99,-26.5,200,266,2830,-791,-1005
20150817,16800,16850,16300,16400,41623,3.71,0.53,791,21340,11.77,1.99,-26.5,200,266,2830,-791,-1005
20150818,16250,16500,15950,16000,44289,3.71,0.53,791,21340,11.77,1.99,-26.5,200,266,2830,-791,-1005
20150819,15850,16000,15000,15500,53931,3.71,0.53,791,21340,11.77,1.99,-26.5,200,266,2830,-791,-1005
20150820,15100,15550,14850,15000,44310,3.71,0.53,791,21340,11.77,1.99,-26.5,200,266,2830,-791,-1005
20150821,14150,14750,14100,14400,56768,3.71,0.53,791,21340,11.77,1.99,-26.5,200,266,2830,-791,-1005
20150824,14100,14450,13600,13750,59967,3.71,0.53,791,21340,11.77,1.99,-26.5,200,266,2830,-791,-1005
20150825,13900,14450,13700,14100,43150,3.71,0.53,791,21340,11.77,1.99,-26.5,200,266,2830,-791,-1005
20150826,14150,14650,14000,14450,46163,3.71,0.53,791,21340,11.77,1.99,-26.5,200,266,2830,-791,-1005
20150827,14850,15200,14500,14700,46930,3.71,0.53,791,21340,11.77,1.99,-26.5,200,266,2830,-791,-1005
20150828,15000,15000,14600,14900,41778,3.71,0.53,791,21340,11.77,1.99,-26.5,200,266,2830,-791,-1005
20150831,15000,15050,14400,14550,41583,3.71,0.53,791,21340,11.77,1.99,-26.5,200,266,2830,-791,-1005
20150901,14650,14750,14450,14450,27080,3.71,0.53,791,21340,11.77,1.99,-26.5,200,266,2830,-791,-1005
20150902,14250,14700,14100,14450,39470,3.71,0.53,791,21340,11.77,1.99,-26.5,200,266,2830,-791,-1005
20150903,14550,14800,14500,14600,40151,3.71,0.53,791,21340,11.77,1.99,-26.5,200,266,2830,-791,-1005
20150904,14600,14750,14000,14050,39699,3.71,0.53,791,21340,11.77,1.99,-26.5,200,266,2830,-791,-1005
20150907,14000,14350,14000,14050,22465,3.71,0.53,791,21340,11.77,1.99,-26.5,200,266,2830,-791,-1005
20150908,14200,14200,13750,13850,22993,3.71,0.53,791,21340,11.77,1.99,-26.5,200,266,2830,-791,-1005
20150909,14150,14400,13950,14300,21167,3.71,0.53,791,21340,11.77,1.99,-26.5,200,266,2830,-791,-1005
20150910,14300,14600,14200,14450,22737,3.71,0.53,791,21340,11.77,1.99,-26.5,200,266,2830,-791,-1005
20150911,14500,14500,14200,14350,24718,3.71,0.53,791,21340,11.77,1.99,-26.5,200,266,2830,-791,-1005
20150914,14450,14450,14000,14150,15079,3.71,0.53,791,21340,11.77,1.99,-26.5,200,266,2830,-791,-1005
20150915,14300,14450,14150,14200,9479,3.71,0.53,791,21340,11.77,1.99,-26.5,200,266,2830,-791,-1005
20150916,14300,14600,14300,14550,29297,3.71,0.53,791,21340,11.77,1.99,-26.5,200,266,2830,-791,-1005
20150917,14700,14700,14250,14300,23083,3.71,0.53,791,21340,11.77,1.99,-26.5,200,266,2830,-791,-1005
20150918,14400,14700,14350,14400,23996,3.71,0.53,791,21340,11.77,1.99,-26.5,200,266,2830,-791,-1005
20150921,14300,14550,14200,14550,22423,3.71,0.53,791,21340,11.77,1.99,-26.5,200,266,2830,-791,-1005
20150922,14450,14800,14450,14700,23735,3.71,0.53,791,21340,11.77,1.99,-26.5,200,266,2830,-791,-1005
20150923,14650,14800,14450,14450,38261,3.71,0.53,791,21340,11.77,1.99,-26.5,200,266,2830,-791,-1005
20150924,14650,14650,14400,14500,10948,3.71,0.53,791,21340,11.77,1.99,-26.5,200,266,2830,-791,-1005
20150925,14350,14750,14350,14700,19821,3.71,0.53,791,21340,11.77,1.99,-26.5,200,266,2830,-791,-1005
20150930,14450,14800,14400,14750,19159,3.71,0.53,791,21340,11.77,1.99,-26.5,200,266,2830,-791,-1005
20151001,14850,15350,14700,15150,39289,3.71,0.53,791,21340,11.77,1.99,-26.5,200,266,2830,-791,-1005
20151002,15150,15500,14950,15000,31807,3.71,0.53,791,21340,11.77,1.99,-26.5,200,266,2830,-791,-1005
20151005,15150,15450,15000,15000,20264,3.71,0.53,791,21340,11.77,1.99,-26.5,200,266,2830,-791,-1005
20151006,15150,15300,14850,14950,22896,3.71,0.53,791,21340,11.77,1.99,-26.5,200,266,2830,-791,-1005
20151007,15050,15050,14600,14750,28718,3.71,0.53,791,21340,11.77,1.99,-26.5,200,266,2830,-791,-1005
20151008,14750,14800,14550,14700,23677,3.71,0.53,791,21340,11.77,1.99,-26.5,200,266,2830,-791,-1005
20151012,15150,15450,14850,15100,29656,3.71,0.53,791,21340,11.77,1.99,-26.5,200,266,2830,-791,-1005
20151013,15000,15250,14700,14750,37410,3.71,0.53,791,21340,11.77,1.99,-26.5,200,266,2830,-791,-1005
20151014,14850,14900,14650,14800,13206,3.71,0.53,791,21340,11.77,1.99,-26.5,200,266,2830,-791,-1005
20151015,14850,15050,14650,14950,17072,3.71,0.53,791,21340,11.77,1.99,-26.5,200,266,2830,-791,-1005
20151016,15100,15100,14700,14700,31063,3.71,0.53,791,21340,11.77,1.99,-26.5,200,266,2830,-791,-1005
20151019,14900,14900,14500,14700,33905,3.71,0.53,791,21340,11.77,1.99,-26.5,200,266,2830,-791,-1005
20151020,14700,14800,14550,14700,16385,3.71,0.53,791,21340,11.77,1.99,-26.5,200,266,2830,-791,-1005
20151021,14850,14850,14650,14650,18021,3.71,0.53,791,21340,11.77,1.99,-26.5,200,266,2830,-791,-1005
20151022,14750,14750,14250,14500,24271,3.71,0.53,791,21340,11.77,1.99,-26.5,200,266,2830,-791,-1005
20151023,14450,14750,14450,14600,14895,3.71,0.53,791,21340,11.77,1.99,-26.5,200,266,2830,-791,-1005
20151026,14600,14650,14350,14350,21695,3.71,0.53,791,21340,11.77,1.99,-26.5,200,266,2830,-791,-1005
20151027,14400,14450,14000,14150,32520,3.71,0.53,791,21340,11.77,1.99,-26.5,200,266,2830,-791,-1005
20151028,14150,14250,13900,14150,23719,3.71,0.53,791,21340,11.77,1.99,-26.5,200,266,2830,-791,-1005
20151029,14250,14250,13900,14000,17169,3.71,0.53,791,21340,11.77,1.99,-26.5,200,266,2830,-791,-1005
20151030,14000,14100,13600,13650,20837,3.71,0.53,791,21340,11.77,1.99,-26.5,200,266,2830,-791,-1005
20151102,13450,13800,13300,13750,18094,3.71,0.53,791,21340,11.77,1.99,-26.5,200,266,2830,-791,-1005
20151103,13600,14200,13600,14050,20237,3.71,0.53,791,21340,11.77,1.99,-26.5,200,266,2830,-791,-1005
20151104,14000,14200,13800,13900,19332,3.71,0.53,791,21340,11.77,1.99,-26.5,200,266,2830,-791,-1005
20151105,14050,14050,13750,13900,11732,3.71,0.53,791,21340,11.77,1.99,-26.5,200,266,2830,-791,-1005
20151106,13750,14050,13500,14000,34058,3.71,0.53,791,21340,11.77,1.99,-26.5,200,266,2830,-791,-1005
20151109,14000,14000,13450,13500,21058,3.71,0.53,791,21340,11.77,1.99,-26.5,200,266,2830,-791,-1005
20151110,13500,13500,13200,13400,23651,3.71,0.53,791,21340,11.77,1.99,-26.5,200,266,2830,-791,-1005
20151111,13500,13600,13350,13550,18849,3.71,0.53,791,21340,11.77,1.99,-26.5,200,266,2830,-791,-1005
20151112,13600,13700,13450,13600,14761,3.71,0.53,791,21340,11.77,1.99,-26.5,200,266,2830,-791,-1005
20151113,13500,14250,13450,13700,27867,3.71,0.53,791,21340,11.77,1.99,-26.5,200,266,2830,-791,-1005
20151116,13600,13950,13350,13650,15997,3.71,0.53,791,21340,11.77,1.99,-26.5,200,266,2830,-791,-1005
20151117,13650,14150,13650,14050,16759,3.71,0.53,791,21340,11.77,1.99,-26.5,200,266,2830,-791,-1005
20151118,14050,14100,13700,13850,21298,3.71,0.53,791,21340,11.77,1.99,-26.5,200,266,2830,-791,-1005
20151119,13900,14150,13800,13850,11676,3.71,0.53,791,21340,11.77,1.99,-26.5,200,266,2830,-791,-1005
20151120,13950,14000,13700,13950,10510,3.71,0.53,791,21340,11.77,1.99,-26.5,200,266,2830,-791,-1005
20151123,14100,14150,13750,14000,16850,3.71,0.53,791,21340,11.77,1.99,-26.5,200,266,2830,-791,-1005
20151124,14000,14200,13850,14100,26739,3.71,0.53,791,21340,11.77,1.99,-26.5,200,266,2830,-791,-1005
20151125,14200,14500,14000,14350,25989,3.71,0.53,791,21340,11.77,1.99,-26.5,200,266,2830,-791,-1005
20151126,14300,14750,14250,14400,23696,3.71,0.53,791,21340,11.77,1.99,-26.5,200,266,2830,-791,-1005
20151127,14300,14550,14250,14450,18320,3.71,0.53,791,21340,11.77,1.99,-26.5,200,266,2830,-791,-1005
20151130,14500,15000,14300,14500,44666,3.71,0.53,791,21340,11.77,1.99,-26.5,200,266,2830,-791,-1005
20151201,14350,14700,14350,14350,17990,3.71,0.53,791,21340,11.77,1.99,-26.5,200,266,2830,-791,-1005
20151202,14500,14500,14050,14200,22426,3.71,0.53,791,21340,11.77,1.99,-26.5,200,266,2830,-791,-1005
20151203,14200,14200,13800,13900,29244,3.71,0.53,791,21340,11.77,1.99,-26.5,200,266,2830,-791,-1005
20151204,13900,13900,13650,13850,16545,3.71,0.53,791,21340,11.77,1.99,-26.5,200,266,2830,-791,-1005
20151207,14050,14050,13600,13650,15249,3.71,0.53,791,21340,11.77,1.99,-26.5,200,266,2830,-791,-1005
20151208,13650,13750,13400,13450,14819,3.71,0.53,791,21340,11.77,1.99,-26.5,200,266,2830,-791,-1005
20151209,13350,13600,13250,13450,15915,3.71,0.53,791,21340,11.77,1.99,-26.5,200,266,2830,-791,-1005
20151210,13450,13650,13200,13400,24539,3.71,0.53,791,21340,11.77,1.99,-26.5,200,266,2830,-791,-1005
20151211,13450,13500,13250,13350,16074,3.71,0.53,791,21340,11.77,1.99,-26.5,200,266,2830,-791,-1005
20151214,13350,13350,12750,12900,27284,3.71,0.53,791,21340,11.77,1.99,-26.5,200,266,2830,-791,-1005
20151215,12950,13050,12600,12650,33617,3.71,0.53,791,21340,11.77,1.99,-26.5,200,266,2830,-791,-1005
20151216,12700,13050,12700,12800,18040,3.71,0.53,791,21340,11.77,1.99,-26.5,200,266,2830,-791,-1005
20151217,13000,13100,12850,13000,17371,3.71,0.53,791,21340,11.77,1.99,-26.5,200,266,2830,-791,-1005
20151218,13100,13350,12950,13150,19433,3.71,0.53,791,21340,11.77,1.99,-26.5,200,266,2830,-791,-1005
20151221,13150,13450,13150,13200,16469,3.71,0.53,791,21340,11.77,1.99,-26.5,200,266,2830,-791,-1005
20151222,13250,13400,13050,13300,16934,3.71,0.53,791,21340,11.77,1.99,-26.5,200,266,2830,-791,-1005
20151223,13150,13600,13150,13600,18995,3.71,0.53,791,21340,11.77,1.99,-26.5,200,266,2830,-791,-1005
20151224,13700,14250,13600,14000,43079,3.71,0.53,791,21340,11.77,1.99,-26.5,200,266,2830,-791,-1005
20151228,14000,14200,13800,13800,29156,3.71,0.53,791,21340,11.77,1.99,-26.5,200,266,2830,-791,-1005
20151229,13750,13750,13350,13450,14149,3.71,0.53,791,21340,11.77,1.99,-26.5,200,266,2830,-791,-1005
20151230,13400,13600,13250,13600,12065,3.71,0.53,791,21340,11.77,1.99,-26.5,200,266,2830,-791,-1005
20160104,13450,13600,12900,12900,16138,5.26,0.85,1204,22901,11.46,5.64,-49.79,200,230,1666,-89,-1484
20160105,12900,13500,12800,13400,17993,5.26,0.85,1204,22901,11.46,5.64,-49.79,200,230,1666,-89,-1484
20160106,13250,13650,13250,13400,18893,5.26,0.85,1204,22901,11.46,5.64,-49.79,200,230,1666,-89,-1484
20160107,13450,14750,13200,14400,126899,5.26,0.85,1204,22901,11.46,5.64,-49.79,200,230,1666,-89,-1484
20160108,14150,15050,13800,14400,77049,5.26,0.85,1204,22901,11.46,5.64,-49.79,200,230,1666,-89,-1484
20160111,14400,14850,14350,14450,30840,5.26,0.85,1204,22901,11.46,5.64,-49.79,200,230,1666,-89,-1484
20160112,14450,15000,14400,14800,33865,5.26,0.85,1204,22901,11.46,5.64,-49.79,200,230,1666,-89,-1484
20160113,15000,15100,14600,14700,25699,5.26,0.85,1204,22901,11.46,5.64,-49.79,200,230,1666,-89,-1484
20160114,14400,14900,14350,14800,27082,5.26,0.85,1204,22901,11.46,5.64,-49.79,200,230,1666,-89,-1484
20160115,14950,14950,14400,14550,32202,5.26,0.85,1204,22901,11.46,5.64,-49.79,200,230,1666,-89,-1484
20160118,14650,15200,14350,14850,34771,5.26,0.85,1204,22901,11.46,5.64,-49.79,200,230,1666,-89,-1484
20160119,14950,15700,14650,15650,73829,5.26,0.85,1204,22901,11.46,5.64,-49.79,200,230,1666,-89,-1484
20160120,15600,16000,14800,15350,79798,5.26,0.85,1204,22901,11.46,5.64,-49.79,200,230,1666,-89,-1484
20160121,15350,15550,14950,15400,25530,5.26,0.85,1204,22901,11.46,5.64,-49.79,200,230,1666,-89,-1484
20160122,15400,15400,14750,15050,25397,5.26,0.85,1204,22901,11.46,5.64,-49.79,200,230,1666,-89,-1484
20160125,15400,15400,14600,15100,23941,5.26,0.85,1204,22901,11.46,5.64,-49.79,200,230,1666,-89,-1484
20160126,15100,15100,14850,14950,13024,5.26,0.85,1204,22901,11.46,5.64,-49.79,200,230,1666,-89,-1484
20160127,15150,15200,14750,14950,16605,5.26,0.85,1204,22901,11.46,5.64,-49.79,200,230,1666,-89,-1484
20160128,15100,15700,14850,15600,36294,5.26,0.85,1204,22901,11.46,5.64,-49.79,200,230,1666,-89,-1484
20160129,15600,15900,15400,15850,29872,5.26,0.85,1204,22901,11.46,5.64,-49.79,200,230,1666,-89,-1484
20160201,16000,16200,15750,16200,41880,5.26,0.85,1204,22901,11.46,5.64,-49.79,200,230,1666,-89,-1484
20160202,16300,16500,15650,16100,72199,5.26,0.85,1204,22901,11.46,5.64,-49.79,200,230,1666,-89,-1484
20160203,15950,16150,15750,16000,42971,5.26,0.85,1204,22901,11.46,5.64,-49.79,200,230,1666,-89,-1484
20160204,16250,16250,15400,16000,39694,5.26,0.85,1204,22901,11.46,5.64,-49.79,200,230,1666,-89,-1484
20160205,16150,16150,15650,15700,22130,5.26,0.85,1204,22901,11.46,5.64,-49.79,200,230,1666,-89,-1484
20160211,15400,15800,15250,15500,23837,5.26,0.85,1204,22901,11.46,5.64,-49.79,200,230,1666,-89,-1484
20160212,15700,15900,15000,15300,59597,5.26,0.85,1204,22901,11.46,5.64,-49.79,200,230,1666,-89,-1484
20160215,15450,16050,15350,15850,52233,5.26,0.85,1204,22901,11.46,5.64,-49.79,200,230,1666,-89,-1484
20160216,16000,16150,15600,15850,36199,5.26,0.85,1204,22901,11.46,5.64,-49.79,200,230,1666,-89,-1484
20160217,15700,17100,15700,16100,103507,5.26,0.85,1204,22901,11.46,5.64,-49.79,200,230,1666,-89,-1484
20160218,16350,16900,16250,16550,62121,5.26,0.85,1204,22901,11.46,5.64,-49.79,200,230,1666,-89,-1484
20160219,16550,16850,16000,16100,56580,5.26,0.85,1204,22901,11.46,5.64,-49.79,200,230,1666,-89,-1484
20160222,16100,16600,15950,16250,27735,5.26,0.85,1204,22901,11.46,5.64,-49.79,200,230,1666,-89,-1484
20160223,16150,16650,16150,16450,31643,5.26,0.85,1204,22901,11.46,5.64,-49.79,200,230,1666,-89,-1484
20160224,16400,17000,16050,17000,60777,5.26,0.85,1204,22901,11.46,5.64,-49.79,200,230,1666,-89,-1484
20160225,17050,17750,17000,17250,32961,5.26,0.85,1204,22901,11.46,5.64,-49.79,200,230,1666,-89,-1484
20160226,17300,17500,17100,17250,27707,5.26,0.85,1204,22901,11.46,5.64,-49.79,200,230,1666,-89,-1484
20160229,17100,17650,17100,17100,23807,5.26,0.85,1204,22901,11.46,5.64,-49.79,200,230,1666,-89,-1484
20160302,17100,17500,16850,16900,25457,5.26,0.85,1204,22901,11.46,5.64,-49.79,200,230,1666,-89,-1484
20160303,16900,17300,16650,17000,40159,5.26,0.85,1204,22901,11.46,5.64,-49.79,200,230,1666,-89,-1484
20160304,17000,17000,16350,16550,46611,5.26,0.85,1204,22901,11.46,5.64,-49.79,200,230,1666,-89,-1484
20160307,16450,17150,16450,17050,39588,5.26,0.85,1204,22901,11.46,5.64,-49.79,200,230,1666,-89,-1484
20160308,16900,17100,16400,16600,36169,5.26,0.85,1204,22901,11.46,5.64,-49.79,200,230,1666,-89,-1484
20160309,16600,16800,16400,16650,27953,5.26,0.85,1204,22901,11.46,5.64,-49.79,200,230,1666,-89,-1484
20160310,16650,16650,16100,16250,43389,5.26,0.85,1204,22901,11.46,5.64,-49.79,200,230,1666,-89,-1484
20160311,16250,16550,16100,16250,25860,5.26,0.85,1204,22901,11.46,5.64,-49.79,200,230,1666,-89,-1484
20160314,16300,16800,16200,16450,19664,5.26,0.85,1204,22901,11.46,5.64,-49.79,200,230,1666,-89,-1484
20160315,16350,17200,16350,16900,42132,5.26,0.85,1204,22901,11.46,5.64,-49.79,200,230,1666,-89,-1484
20160316,16950,17200,16250,16250,46878,5.26,0.85,1204,22901,11.46,5.64,-49.79,200,230,1666,-89,-1484
20160317,16400,16650,16000,16150,54092,5.26,0.85,1204,22901,11.46,5.64,-49.79,200,230,1666,-89,-1484
20160318,16250,16950,16200,16850,34142,5.26,0.85,1204,22901,11.46,5.64,-49.79,200,230,1666,-89,-1484
20160321,16850,17000,16350,16400,34248,5.26,0.85,1204,22901,11.46,5.64,-49.79,200,230,1666,-89,-1484
20160322,16600,16800,16300,16650,17641,5.26,0.85,1204,22901,11.46,5.64,-49.79,200,230,1666,-89,-1484
20160323,16650,16800,16500,16550,13234,5.26,0.85,1204,22901,11.46,5.64,-49.79,200,230,1666,-89,-1484
20160324,16450,16450,15800,15800,44542,5.26,0.85,1204,22901,11.46,5.64,-49.79,200,230,1666,-89,-1484
20160325,15900,16150,15850,16050,7105,5.26,0.85,1204,22901,11.46,5.64,-49.79,200,230,1666,-89,-1484
20160328,15900,16200,15550,15850,15778,5.26,0.85,1204,22901,11.46,5.64,-49.79,200,230,1666,-89,-1484
20160329,15900,16250,15750,16050,20655,5.26,0.85,1204,22901,11.46,5.64,-49.79,200,230,1666,-89,-1484
20160330,16050,16350,15550,15800,42098,5.26,0.85,1204,22901,11.46,5.64,-49.79,200,230,1666,-89,-1484
20160331,16000,16100,15250,15300,34608,5.26,0.85,1204,22901,11.46,5.64,-49.79,200,230,1666,-89,-1484
20160401,15300,15500,15150,15150,42970,5.26,0.85,1204,22901,11.46,5.64,-49.79,200,230,1666,-89,-1484
20160404,15250,16000,15250,15850,36699,5.26,0.85,1204,22901,11.46,5.64,-49.79,200,230,1666,-89,-1484
20160405,15850,15900,15500,15600,21851,5.26,0.85,1204,22901,11.46,5.64,-49.79,200,230,1666,-89,-1484
20160406,15450,15750,15450,15750,19538,5.26,0.85,1204,22901,11.46,5.64,-49.79,200,230,1666,-89,-1484
20160407,15700,15850,15500,15600,22253,5.26,0.85,1204,22901,11.46,5.64,-49.79,200,230,1666,-89,-1484
20160408,15500,15500,15200,15300,26646,5.26,0.85,1204,22901,11.46,5.64,-49.79,200,230,1666,-89,-1484
20160411,15300,15400,15000,15250,30669,5.26,0.85,1204,22901,11.46,5.64,-49.79,200,230,1666,-89,-1484
20160412,15150,15200,14700,14850,41041,5.26,0.85,1204,22901,11.46,5.64,-49.79,200,230,1666,-89,-1484
20160414,14750,14950,14700,14950,34390,5.26,0.85,1204,22901,11.46,5.64,-49.79,200,230,1666,-89,-1484
20160415,14850,15300,14750,15200,26707,5.26,0.85,1204,22901,11.46,5.64,-49.79,200,230,1666,-89,-1484
20160418,15150,15250,14800,14900,24577,5.26,0.85,1204,22901,11.46,5.64,-49.79,200,230,1666,-89,-1484
20160419,15000,15050,14750,15050,19081,5.26,0.85,1204,22901,11.46,5.64,-49.79,200,230,1666,-89,-1484
20160420,15100,15600,15050,15500,42880,5.26,0.85,1204,22901,11.46,5.64,-49.79,200,230,1666,-89,-1484
20160421,15600,15750,15450,15700,29095,5.26,0.85,1204,22901,11.46,5.64,-49.79,200,230,1666,-89,-1484
20160422,15700,16000,15500,15850,22395,5.26,0.85,1204,22901,11.46,5.64,-49.79,200,230,1666,-89,-1484
20160425,15700,15900,15500,15550,14232,5.26,0.85,1204,22901,11.46,5.64,-49.79,200,230,1666,-89,-1484
20160426,15650,15750,15450,15500,18698,5.26,0.85,1204,22901,11.46,5.64,-49.79,200,230,1666,-89,-1484
20160427,15600,15750,15450,15500,10192,5.26,0.85,1204,22901,11.46,5.64,-49.79,200,230,1666,-89,-1484
20160428,15450,15750,15450,15750,30159,5.26,0.85,1204,22901,11.46,5.64,-49.79,200,230,1666,-89,-1484
20160429,15700,15700,15300,15500,18284,5.26,0.85,1204,22901,11.46,5.64,-49.79,200,230,1666,-89,-1484
20160502,15300,15500,15150,15250,16105,5.26,0.85,1204,22901,11.46,5.64,-49.79,200,230,1666,-89,-1484
20160503,15100,15400,15100,15300,21574,5.26,0.85,1204,22901,11.46,5.64,-49.79,200,230,1666,-89,-1484
20160504,15150,15250,14900,15000,23479,5.26,0.85,1204,22901,11.46,5.64,-49.79,200,230,1666,-89,-1484
20160509,15200,15200,14850,15050,9686,5.26,0.85,1204,22901,11.46,5.64,-49.79,200,230,1666,-89,-1484
20160510,15100,15200,14800,15100,11027,5.26,0.85,1204,22901,11.46,5.64,-49.79,200,230,1666,-89,-1484
20160511,15100,15300,14850,14950,14290,5.26,0.85,1204,22901,11.46,5.64,-49.79,200,230,1666,-89,-1484
20160512,14950,15150,14800,15150,17925,5.26,0.85,1204,22901,11.46,5.64,-49.79,200,230,1666,-89,-1484
20160513,15200,15300,14950,15200,9299,5.26,0.85,1204,22901,11.46,5.64,-49.79,200,230,1666,-89,-1484
20160516,15050,15400,14800,14900,22141,5.26,0.85,1204,22901,11.46,5.64,-49.79,200,230,1666,-89,-1484
20160517,14850,15000,14400,14600,47992,5.26,0.85,1204,22901,11.46,5.64,-49.79,200,230,1666,-89,-1484
20160518,14650,14700,14000,14100,35666,5.26,0.85,1204,22901,11.46,5.64,-49.79,200,230,1666,-89,-1484
20160519,14000,14350,13950,14100,19022,5.26,0.85,1204,22901,11.46,5.64,-49.79,200,230,1666,-89,-1484
20160520,14100,14350,14000,14350,14023,5.26,0.85,1204,22901,11.46,5.64,-49.79,200,230,1666,-89,-1484
20160523,14350,14500,14150,14300,20845,5.26,0.85,1204,22901,11.46,5.64,-49.79,200,230,1666,-89,-1484
20160524,14400,14400,14000,14100,15106,5.26,0.85,1204,22901,11.46,5.64,-49.79,200,230,1666,-89,-1484
20160525,14150,14350,13850,13950,18298,5.26,0.85,1204,22901,11.46,5.64,-49.79,200,230,1666,-89,-1484
20160526,14050,14200,13850,13900,14948,5.26,0.85,1204,22901,11.46,5.64,-49.79,200,230,1666,-89,-1484
20160527,14050,14300,13750,13800,38729,5.26,0.85,1204,22901,11.46,5.64,-49.79,200,230,1666,-89,-1484
20160530,13900,14100,13800,14100,21360,5.26,0.85,1204,22901,11.46,5.64,-49.79,200,230,1666,-89,-1484
20160531,14050,14300,13850,14200,16840,5.26,0.85,1204,22901,11.46,5.64,-49.79,200,230,1666,-89,-1484
20160601,14050,14100,13850,14100,21446,5.26,0.85,1204,22901,11.46,5.64,-49.79,200,230,1666,-89,-1484
20160602,14350,14350,13850,14000,19729,5.26,0.85,1204,22901,11.46,5.64,-49.79,200,230,1666,-89,-1484
20160603,13950,14150,13850,14050,18921,5.26,0.85,1204,22901,11.46,5.64,-49.79,200,230,1666,-89,-1484
20160607,14050,14350,13900,14250,26781,5.26,0.85,1204,22901,11.46,5.64,-49.79,200,230,1666,-89,-1484
20160608,14250,14700,13850,14650,46818,5.26,0.85,1204,22901,11.46,5.64,-49.79,200,230,1666,-89,-1484
20160609,14450,15200,14250,15200,89136,5.26,0.85,1204,22901,11.46,5.64,-49.79,200,230,1666,-89,-1484
20160610,15100,15150,14700,14750,26580,5.26,0.85,1204,22901,11.46,5.64,-49.79,200,230,1666,-89,-1484
20160613,14550,14750,14300,14350,15442,5.26,0.85,1204,22901,11.46,5.64,-49.79,200,230,1666,-89,-1484
20160614,14250,14300,13950,14100,31521,5.26,0.85,1204,22901,11.46,5.64,-49.79,200,230,1666,-89,-1484
20160615,14000,14200,13850,13950,24238,5.26,0.85,1204,22901,11.46,5.64,-49.79,200,230,1666,-89,-1484
20160616,13950,14050,13450,13550,34832,5.26,0.85,1204,22901,11.46,5.64,-49.79,200,230,1666,-89,-1484
20160617,13600,13750,13400,13650,28966,5.26,0.85,1204,22901,11.46,5.64,-49.79,200,230,1666,-89,-1484
20160620,13650,14000,13550,13850,29190,5.26,0.85,1204,22901,11.46,5.64,-49.79,200,230,1666,-89,-1484
20160621,13750,13850,13650,13700,9891,5.26,0.85,1204,22901,11.46,5.64,-49.79,200,230,1666,-89,-1484
20160622,14050,14050,13700,13950,5449,5.26,0.85,1204,22901,11.46,5.64,-49.79,200,230,1666,-89,-1484
20160623,14000,14000,13700,13750,11367,5.26,0.85,1204,22901,11.46,5.64,-49.79,200,230,1666,-89,-1484
20160624,13750,13950,13250,13350,31240,5.26,0.85,1204,22901,11.46,5.64,-49.79,200,230,1666,-89,-1484
20160627,13300,13400,12850,13100,24899,5.26,0.85,1204,22901,11.46,5.64,-49.79,200,230,1666,-89,-1484
20160628,13000,13700,12900,13350,15117,5.26,0.85,1204,22901,11.46,5.64,-49.79,200,230,1666,-89,-1484
20160629,13350,13600,13250,13400,21676,5.26,0.85,1204,22901,11.46,5.64,-49.79,200,230,1666,-89,-1484
20160630,13500,13500,13250,13400,21213,5.26,0.85,1204,22901,11.46,5.64,-49.79,200,230,1666,-89,-1484
20160701,13450,13750,13450,13650,10005,5.26,0.85,1204,22901,11.46,5.64,-49.79,200,230,1666,-89,-1484
20160704,13700,13850,13600,13750,8029,5.26,0.85,1204,22901,11.46,5.64,-49.79,200,230,1666,-89,-1484
20160705,13650,13850,13500,13800,9433,5.26,0.85,1204,22901,11.46,5.64,-49.79,200,230,1666,-89,-1484
20160706,13800,13850,13600,13850,25861,5.26,0.85,1204,22901,11.46,5.64,-49.79,200,230,1666,-89,-1484
20160707,13800,14000,13600,13900,14188,5.26,0.85,1204,22901,11.46,5.64,-49.79,200,230,1666,-89,-1484
20160708,13800,14000,13600,13800,15157,5.26,0.85,1204,22901,11.46,5.64,-49.79,200,230,1666,-89,-1484
20160711,14050,14050,13700,13950,10948,5.26,0.85,1204,22901,11.46,5.64,-49.79,200,230,1666,-89,-1484
20160712,13700,14050,13700,14000,10511,5.26,0.85,1204,22901,11.46,5.64,-49.79,200,230,1666,-89,-1484
20160713,14000,14100,13800,13850,9754,5.26,0.85,1204,22901,11.46,5.64,-49.79,200,230,1666,-89,-1484
20160714,13950,13950,13550,13700,11946,5.26,0.85,1204,22901,11.46,5.64,-49.79,200,230,1666,-89,-1484
20160715,14000,14000,13600,13900,21858,5.26,0.85,1204,22901,11.46,5.64,-49.79,200,230,1666,-89,-1484
20160718,13900,14200,13800,14050,17704,5.26,0.85,1204,22901,11.46,5.64,-49.79,200,230,1666,-89,-1484
20160719,14200,14200,14000,14050,15536,5.26,0.85,1204,22901,11.46,5.64,-49.79,200,230,1666,-89,-1484
20160720,14000,14150,13950,14100,9394,5.26,0.85,1204,22901,11.46,5.64,-49.79,200,230,1666,-89,-1484
20160721,14050,14150,13750,13900,16892,5.26,0.85,1204,22901,11.46,5.64,-49.79,200,230,1666,-89,-1484
20160722,13900,14150,13850,14150,12151,5.26,0.85,1204,22901,11.46,5.64,-49.79,200,230,1666,-89,-1484
20160725,14150,14200,13850,13900,14355,5.26,0.85,1204,22901,11.46,5.64,-49.79,200,230,1666,-89,-1484
20160726,13900,14050,13800,14000,11513,5.26,0.85,1204,22901,11.46,5.64,-49.79,200,230,1666,-89,-1484
20160727,14050,14100,13650,13700,22217,5.26,0.85,1204,22901,11.46,5.64,-49.79,200,230,1666,-89,-1484
20160728,13700,13800,13600,13600,19551,5.26,0.85,1204,22901,11.46,5.64,-49.79,200,230,1666,-89,-1484
20160729,13650,13750,13400,13650,22068,5.26,0.85,1204,22901,11.46,5.64,-49.79,200,230,1666,-89,-1484
20160801,13600,13750,13400,13400,14240,5.26,0.85,1204,22901,11.46,5.64,-49.79,200,230,1666,-89,-1484
20160802,13500,13500,13200,13300,24538,5.26,0.85,1204,22901,11.46,5.64,-49.79,200,230,1666,-89,-1484
20160803,13200,13450,13100,13200,14795,5.26,0.85,1204,22901,11.46,5.64,-49.79,200,230,1666,-89,-1484
20160804,13200,13600,13050,13250,48131,5.26,0.85,1204,22901,11.46,5.64,-49.79,200,230,1666,-89,-1484
20160805,13200,13450,12950,13000,44005,5.26,0.85,1204,22901,11.46,5.64,-49.79,200,230,1666,-89,-1484
20160808,12900,13150,12900,13000,35348,5.26,0.85,1204,22901,11.46,5.64,-49.79,200,230,1666,-89,-1484
20160809,13000,13200,12900,13150,30915,5.26,0.85,1204,22901,11.46,5.64,-49.79,200,230,1666,-89,-1484
20160810,13200,13200,12950,13050,22827,5.26,0.85,1204,22901,11.46,5.64,-49.79,200,230,1666,-89,-1484
20160811,13100,13200,12950,13000,20345,5.26,0.85,1204,22901,11.46,5.64,-49.79,200,230,1666,-89,-1484
20160812,13000,13650,13000,13600,40899,5.26,0.85,1204,22901,11.46,5.64,-49.79,200,230,1666,-89,-1484
20160816,13600,13700,13450,13650,13960,5.26,0.85,1204,22901,11.46,5.64,-49.79,200,230,1666,-89,-1484
20160817,13450,13650,13350,13500,13540,5.26,0.85,1204,22901,11.46,5.64,-49.79,200,230,1666,-89,-1484
20160818,13500,13600,13300,13350,11625,5.26,0.85,1204,22901,11.46,5.64,-49.79,200,230,1666,-89,-1484
20160819,13500,13550,12700,13050,33229,5.26,0.85,1204,22901,11.46,5.64,-49.79,200,230,1666,-89,-1484
20160822,13000,13050,12800,12850,14456,5.26,0.85,1204,22901,11.46,5.64,-49.79,200,230,1666,-89,-1484
20160823,12900,13450,12750,12950,16335,5.26,0.85,1204,22901,11.46,5.64,-49.79,200,230,1666,-89,-1484
20160824,13150,13150,12850,13050,17134,5.26,0.85,1204,22901,11.46,5.64,-49.79,200,230,1666,-89,-1484
20160825,13150,13150,12750,12800,30548,5.26,0.85,1204,22901,11.46,5.64,-49.79,200,230,1666,-89,-1484
20160826,12800,12900,12600,12850,16063,5.26,0.85,1204,22901,11.46,5.64,-49.79,200,230,1666,-89,-1484
20160829,12850,12900,12500,12650,14854,5.26,0.85,1204,22901,11.46,5.64,-49.79,200,230,1666,-89,-1484
20160830,12550,13050,12550,12850,13316,5.26,0.85,1204,22901,11.46,5.64,-49.79,200,230,1666,-89,-1484
20160831,12650,12950,12600,12650,10500,5.26,0.85,1204,22901,11.46,5.64,-49.79,200,230,1666,-89,-1484
20160901,12650,12750,12400,12500,25369,5.26,0.85,1204,22901,11.46,5.64,-49.79,200,230,1666,-89,-1484
20160902,12500,12700,12300,12550,23738,5.26,0.85,1204,22901,11.46,5.64,-49.79,200,230,1666,-89,-1484
20160905,12600,12900,12600,12900,14391,5.26,0.85,1204,22901,11.46,5.64,-49.79,200,230,1666,-89,-1484
20160906,12750,13000,12600,12600,18548,5.26,0.85,1204,22901,11.46,5.64,-49.79,200,230,1666,-89,-1484
20160907,12700,12900,12600,12800,15437,5.26,0.85,1204,22901,11.46,5.64,-49.79,200,230,1666,-89,-1484
20160908,12800,12950,12700,12800,10633,5.26,0.85,1204,22901,11.46,5.64,-49.79,200,230,1666,-89,-1484
20160909,12800,12850,12400,12700,23407,5.26,0.85,1204,22901,11.46,5.64,-49.79,200,230,1666,-89,-1484
20160912,12550,12750,12250,12300,24307,5.26,0.85,1204,22901,11.46,5.64,-49.79,200,230,1666,-89,-1484
20160913,12450,12500,12250,12450,28349,5.26,0.85,1204,22901,11.46,5.64,-49.79,200,230,1666,-89,-1484
20160919,12550,12550,12200,12350,15813,5.26,0.85,1204,22901,11.46,5.64,-49.79,200,230,1666,-89,-1484
20160920,12350,12650,12250,12500,26649,5.26,0.85,1204,22901,11.46,5.64,-49.79,200,230,1666,-89,-1484
20160921,12400,12700,12400,12550,10094,5.26,0.85,1204,22901,11.46,5.64,-49.79,200,230,1666,-89,-1484
20160922,12700,12800,12550,12700,11846,5.26,0.85,1204,22901,11.46,5.64,-49.79,200,230,1666,-89,-1484
20160923,12800,13000,12600,12850,18061,5.26,0.85,1204,22901,11.46,5.64,-49.79,200,230,1666,-89,-1484
20160926,12850,13000,12700,12750,9952,5.26,0.85,1204,22901,11.46,5.64,-49.79,200,230,1666,-89,-1484
20160927,12650,12950,12650,12850,8603,5.26,0.85,1204,22901,11.46,5.64,-49.79,200,230,1666,-89,-1484
20160928,12850,13000,12700,12750,7037,5.26,0.85,1204,22901,11.46,5.64,-49.79,200,230,1666,-89,-1484
20160929,12750,13000,12650,12950,7524,5.26,0.85,1204,22901,11.46,5.64,-49.79,200,230,1666,-89,-1484
20160930,12800,12850,12450,12450,17771,5.26,0.85,1204,22901,11.46,5.64,-49.79,200,230,1666,-89,-1484
20161004,12400,12750,12400,12550,8658,5.26,0.85,1204,22901,11.46,5.64,-49.79,200,230,1666,-89,-1484
20161005,12450,12750,12350,12450,23773,5.26,0.85,1204,22901,11.46,5.64,-49.79,200,230,1666,-89,-1484
20161006,12400,12450,12150,12200,38637,5.26,0.85,1204,22901,11.46,5.64,-49.79,200,230,1666,-89,-1484
20161007,12150,12400,12100,12350,30575,5.26,0.85,1204,22901,11.46,5.64,-49.79,200,230,1666,-89,-1484
20161010,12250,12750,12250,12600,21589,5.26,0.85,1204,22901,11.46,5.64,-49.79,200,230,1666,-89,-1484
20161011,12700,12850,12350,12450,24776,5.26,0.85,1204,22901,11.46,5.64,-49.79,200,230,1666,-89,-1484
20161012,12550,12750,12500,12550,14339,5.26,0.85,1204,22901,11.46,5.64,-49.79,200,230,1666,-89,-1484
20161013,12750,12750,12350,12450,22375,5.26,0.85,1204,22901,11.46,5.64,-49.79,200,230,1666,-89,-1484
20161014,12450,12750,12300,12750,22108,5.26,0.85,1204,22901,11.46,5.64,-49.79,200,230,1666,-89,-1484
20161017,12700,12700,12350,12400,22833,5.26,0.85,1204,22901,11.46,5.64,-49.79,200,230,1666,-89,-1484
20161018,12500,12500,12150,12250,19123,5.26,0.85,1204,22901,11.46,5.64,-49.79,200,230,1666,-89,-1484
20161019,12300,12400,12200,12300,10852,5.26,0.85,1204,22901,11.46,5.64,-49.79,200,230,1666,-89,-1484
20161020,12300,12350,12150,12300,9992,5.26,0.85,1204,22901,11.46,5.64,-49.79,200,230,1666,-89,-1484
20161021,12300,12300,11800,11900,75255,5.26,0.85,1204,22901,11.46,5.64,-49.79,200,230,1666,-89,-1484
20161024,11900,11900,11550,11550,51093,5.26,0.85,1204,22901,11.46,5.64,-49.79,200,230,1666,-89,-1484
20161025,11650,11650,11400,11600,17701,5.26,0.85,1204,22901,11.46,5.64,-49.79,200,230,1666,-89,-1484
20161026,11700,11700,11300,11300,21169,5.26,0.85,1204,22901,11.46,5.64,-49.79,200,230,1666,-89,-1484
20161027,11300,11600,11300,11450,14446,5.26,0.85,1204,22901,11.46,5.64,-49.79,200,230,1666,-89,-1484
20161028,11500,12000,11500,11750,38989,5.26,0.85,1204,22901,11.46,5.64,-49.79,200,230,1666,-89,-1484
20161031,11750,12050,11750,11950,23389,5.26,0.85,1204,22901,11.46,5.64,-49.79,200,230,1666,-89,-1484
20161101,11900,12000,11550,11600,13049,5.26,0.85,1204,22901,11.46,5.64,-49.79,200,230,1666,-89,-1484
20161102,11600,11600,11000,11150,50595,5.26,0.85,1204,22901,11.46,5.64,-49.79,200,230,1666,-89,-1484
20161103,11000,11350,11000,11200,23053,5.26,0.85,1204,22901,11.46,5.64,-49.79,200,230,1666,-89,-1484
20161104,11350,11450,11200,11450,17672,5.26,0.85,1204,22901,11.46,5.64,-49.79,200,230,1666,-89,-1484
20161107,11600,11600,11300,11300,20248,5.26,0.85,1204,22901,11.46,5.64,-49.79,200,230,1666,-89,-1484
20161108,11350,11900,11300,11850,45334,5.26,0.85,1204,22901,11.46,5.64,-49.79,200,230,1666,-89,-1484
20161109,11950,11950,11350,11950,61999,5.26,0.85,1204,22901,11.46,5.64,-49.79,200,230,1666,-89,-1484
20161110,12050,12300,12000,12200,37775,5.26,0.85,1204,22901,11.46,5.64,-49.79,200,230,1666,-89,-1484
20161111,12200,12350,12100,12350,18639,5.26,0.85,1204,22901,11.46,5.64,-49.79,200,230,1666,-89,-1484
20161114,12400,12800,12400,12750,47465,5.26,0.85,1204,22901,11.46,5.64,-49.79,200,230,1666,-89,-1484
20161115,12750,12950,12500,12850,63012,5.26,0.85,1204,22901,11.46,5.64,-49.79,200,230,1666,-89,-1484
20161116,12850,13000,12700,12950,35903,5.26,0.85,1204,22901,11.46,5.64,-49.79,200,230,1666,-89,-1484
20161117,12850,13100,12800,12850,32079,5.26,0.85,1204,22901,11.46,5.64,-49.79,200,230,1666,-89,-1484
20161118,12750,12950,12550,12850,16499,5.26,0.85,1204,22901,11.46,5.64,-49.79,200,230,1666,-89,-1484
20161121,12900,12900,12300,12400,14386,5.26,0.85,1204,22901,11.46,5.64,-49.79,200,230,1666,-89,-1484
20161122,12550,12650,12150,12350,19764,5.26,0.85,1204,22901,11.46,5.64,-49.79,200,230,1666,-89,-1484
20161123,12450,12550,11950,11950,62735,5.26,0.85,1204,22901,11.46,5.64,-49.79,200,230,1666,-89,-1484
20161124,12050,12350,11800,11900,43348,5.26,0.85,1204,22901,11.46,5.64,-49.79,200,230,1666,-89,-1484
20161125,11750,12000,11600,11950,36393,5.26,0.85,1204,22901,11.46,5.64,-49.79,200,230,1666,-89,-1484
20161128,12200,12200,11800,12100,14142,5.26,0.85,1204,22901,11.46,5.64,-49.79,200,230,1666,-89,-1484
20161129,11900,12200,11900,12200,11568,5.26,0.85,1204,22901,11.46,5.64,-49.79,200,230,1666,-89,-1484
20161130,12200,12300,12050,12200,8827,5.26,0.85,1204,22901,11.46,5.64,-49.79,200,230,1666,-89,-1484
20161201,12200,12200,11850,12100,8668,5.26,0.85,1204,22901,11.46,5.64,-49.79,200,230,1666,-89,-1484
20161202,12100,12500,11900,12400,24850,5.26,0.85,1204,22901,11.46,5.64,-49.79,200,230,1666,-89,-1484
20161205,12600,12600,11800,12050,21600,5.26,0.85,1204,22901,11.46,5.64,-49.79,200,230,1666,-89,-1484
20161206,12100,12350,12050,12150,24096,5.26,0.85,1204,22901,11.46,5.64,-49.79,200,230,1666,-89,-1484
20161207,12000,12300,11900,12150,15988,5.26,0.85,1204,22901,11.46,5.64,-49.79,200,230,1666,-89,-1484
20161208,12150,12150,11750,12150,23550,5.26,0.85,1204,22901,11.46,5.64,-49.79,200,230,1666,-89,-1484
20161209,12150,12150,11900,12100,7235,5.26,0.85,1204,22901,11.46,5.64,-49.79,200,230,1666,-89,-1484
20161212,12100,12250,11950,12250,27839,5.26,0.85,1204,22901,11.46,5.64,-49.79,200,230,1666,-89,-1484
20161213,12300,12350,12050,12200,17693,5.26,0.85,1204,22901,11.46,5.64,-49.79,200,230,1666,-89,-1484
20161214,12200,12200,12000,12150,13068,5.26,0.85,1204,22901,11.46,5.64,-49.79,200,230,1666,-89,-1484
20161215,12100,12250,12000,12250,15088,5.26,0.85,1204,22901,11.46,5.64,-49.79,200,230,1666,-89,-1484
20161216,12150,12250,11950,12150,34560,5.26,0.85,1204,22901,11.46,5.64,-49.79,200,230,1666,-89,-1484
20161219,12200,12250,12050,12250,10409,5.26,0.85,1204,22901,11.46,5.64,-49.79,200,230,1666,-89,-1484
20161220,12150,12350,12150,12350,24450,5.26,0.85,1204,22901,11.46,5.64,-49.79,200,230,1666,-89,-1484
20161221,12350,12400,12200,12300,16878,5.26,0.85,1204,22901,11.46,5.64,-49.79,200,230,1666,-89,-1484
20161222,12350,12400,12250,12400,23570,5.26,0.85,1204,22901,11.46,5.64,-49.79,200,230,1666,-89,-1484
20161223,12400,12500,12300,12400,15922,5.26,0.85,1204,22901,11.46,5.64,-49.79,200,230,1666,-89,-1484
20161226,12400,12600,12350,12600,34744,5.26,0.85,1204,22901,11.46,5.64,-49.79,200,230,1666,-89,-1484
20161227,12600,12750,12450,12600,36612,5.26,0.85,1204,22901,11.46,5.64,-49.79,200,230,1666,-89,-1484
20161228,12500,12600,12350,12350,17012,5.26,0.85,1204,22901,11.46,5.64,-49.79,200,230,1666,-89,-1484
20161229,12450,12500,12250,12450,8431,5.26,0.85,1204,22901,11.46,5.64,-49.79,200,230,1666,-89,-1484
20170102,12500,12600,12400,12400,11650,0.0,0.0,-619,21426,10.6,4.64,-48.15,150,258,3317,-1037,-1036
20170103,12450,12750,12400,12650,17194,0.0,0.0,-619,21426,10.6,4.64,-48.15,150,258,3317,-1037,-1036
20170104,12750,12750,12350,12550,16506,0.0,0.0,-619,21426,10.6,4.64,-48.15,150,258,3317,-1037,-1036
20170105,12500,12600,12300,12500,11191,0.0,0.0,-619,21426,10.6,4.64,-48.15,150,258,3317,-1037,-1036
20170106,12500,12500,12200,12350,13034,0.0,0.0,-619,21426,10.6,4.64,-48.15,150,258,3317,-1037,-1036
20170109,12400,12400,11950,12000,29787,0.0,0.0,-619,21426,10.6,4.64,-48.15,150,258,3317,-1037,-1036
20170110,11950,12050,11750,11900,20723,0.0,0.0,-619,21426,10.6,4.64,-48.15,150,258,3317,-1037,-1036
20170111,11900,12000,11800,11850,24991,0.0,0.0,-619,21426,10.6,4.64,-48.15,150,258,3317,-1037,-1036
20170112,11900,11900,11650,11800,26425,0.0,0.0,-619,21426,10.6,4.64,-48.15,150,258,3317,-1037,-1036
20170113,11800,12000,11700,11900,13948,0.0,0.0,-619,21426,10.6,4.64,-48.15,150,258,3317,-1037,-1036
20170116,12050,12100,11750,12000,16307,0.0,0.0,-619,21426,10.6,4.64,-48.15,150,258,3317,-1037,-1036
20170117,12100,12100,11850,12050,14087,0.0,0.0,-619,21426,10.6,4.64,-48.15,150,258,3317,-1037,-1036
20170118,12050,12150,11950,12100,7991,0.0,0.0,-619,21426,10.6,4.64,-48.15,150,258,3317,-1037,-1036
20170119,12000,12150,11750,11750,18484,0.0,0.0,-619,21426,10.6,4.64,-48.15,150,258,3317,-1037,-1036
20170120,11750,12050,11700,11900,12201,0.0,0.0,-619,21426,10.6,4.64,-48.15,150,258,3317,-1037,-1036
20170123,11800,12000,11800,11850,6201,0.0,0.0,-619,21426,10.6,4.64,-48.15,150,258,3317,-1037,-1036
20170124,11950,12050,11500,11650,19673,0.0,0.0,-619,21426,10.6,4.64,-48.15,150,258,3317,-1037,-1036
20170125,11650,11650,11400,11450,21257,0.0,0.0,-619,21426,10.6,4.64,-48.15,150,258,3317,-1037,-1036
20170126,11550,11550,11200,11250,29934,0.0,0.0,-619,21426,10.6,4.64,-48.15,150,258,3317,-1037,-1036
20170131,11250,11250,10900,10950,46585,0.0,0.0,-619,21426,10.6,4.64,-48.15,150,258,3317,-1037,-1036
20170201,10950,11450,10900,11450,17881,0.0,0.0,-619,21426,10.6,4.64,-48.15,150,258,3317,-1037,-1036
20170202,11450,11450,11300,11400,11171,0.0,0.0,-619,21426,10.6,4.64,-48.15,150,258,3317,-1037,-1036
20170203,11450,11450,11150,11350,11331,0.0,0.0,-619,21426,10.6,4.64,-48.15,150,258,3317,-1037,-1036
20170206,11600,11600,11350,11400,8818,0.0,0.0,-619,21426,10.6,4.64,-48.15,150,258,3317,-1037,-1036
20170207,11500,11600,11200,11400,12641,0.0,0.0,-619,21426,10.6,4.64,-48.15,150,258,3317,-1037,-1036
20170208,11400,11700,11100,11600,23484,0.0,0.0,-619,21426,10.6,4.64,-48.15,150,258,3317,-1037,-1036
20170209,11600,11650,11400,11650,7252,0.0,0.0,-619,21426,10.6,4.64,-48.15,150,258,3317,-1037,-1036
20170210,11650,11900,11550,11850,19278,0.0,0.0,-619,21426,10.6,4.64,-48.15,150,258,3317,-1037,-1036
20170213,11800,12100,11750,11900,17574,0.0,0.0,-619,21426,10.6,4.64,-48.15,150,258,3317,-1037,-1036
20170214,12000,12050,11850,11950,9221,0.0,0.0,-619,21426,10.6,4.64,-48.15,150,258,3317,-1037,-1036
20170215,11900,12100,11850,12050,17083,0.0,0.0,-619,21426,10.6,4.64,-48.15,150,258,3317,-1037,-1036
20170216,12000,12000,11650,11700,15695,0.0,0.0,-619,21426,10.6,4.64,-48.15,150,258,3317,-1037,-1036
20170217,11700,11750,11350,11650,20280,0.0,0.0,-619,21426,10.6,4.64,-48.15,150,258,3317,-1037,-1036
20170220,11700,11700,11450,11650,8537,0.0,0.0,-619,21426,10.6,4.64,-48.15,150,258,3317,-1037,-1036
20170221,11700,12000,11650,11800,11867,0.0,0.0,-619,21426,10.6,4.64,-48.15,150,258,3317,-1037,-1036
20170222,11800,11800,11600,11700,7664,0.0,0.0,-619,21426,10.6,4.64,-48.15,150,258,3317,-1037,-1036
20170223,11750,11800,11450,11600,23402,0.0,0.0,-619,21426,10.6,4.64,-48.15,150,258,3317,-1037,-1036
20170224,11600,11700,11450,11700,13752,0.0,0.0,-619,21426,10.6,4.64,-48.15,150,258,3317,-1037,-1036
20170227,11700,11900,11650,11750,9408,0.0,0.0,-619,21426,10.6,4.64,-48.15,150,258,3317,-1037,-1036
20170228,11750,11750,11550,11700,11206,0.0,0.0,-619,21426,10.6,4.64,-48.15,150,258,3317,-1037,-1036
20170302,11700,11850,11600,11600,15595,0.0,0.0,-619,21426,10.6,4.64,-48.15,150,258,3317,-1037,-1036
20170303,11600,11750,11500,11650,12431,0.0,0.0,-619,21426,10.6,4.64,-48.15,150,258,3317,-1037,-1036
20170306,11500,11650,11300,11500,16886,0.0,0.0,-619,21426,10.6,4.64,-48.15,150,258,3317,-1037,-1036
20170307,11550,11700,11400,11550,5843,0.0,0.0,-619,21426,10.6,4.64,-48.15,150,258,3317,-1037,-1036
20170308,11550,11700,11400,11500,17706,0.0,0.0,-619,21426,10.6,4.64,-48.15,150,258,3317,-1037,-1036
20170309,11500,11650,11400,11650,16397,0.0,0.0,-619,21426,10.6,4.64,-48.15,150,258,3317,-1037,-1036
20170310,11650,11650,11300,11400,31099,0.0,0.0,-619,21426,10.6,4.64,-48.15,150,258,3317,-1037,-1036
20170313,11400,11500,11350,11450,10827,0.0,0.0,-619,21426,10.6,4.64,-48.15,150,258,3317,-1037,-1036
20170314,11400,11500,11150,11250,30785,0.0,0.0,-619,21426,10.6,4.64,-48.15,150,258,3317,-1037,-1036
20170315,11200,11450,11200,11250,12553,0.0,0.0,-619,21426,10.6,4.64,-48.15,150,258,3317,-1037,-1036
20170316,11350,11400,11200,11350,19216,0.0,0.0,-619,21426,10.6,4.64,-48.15,150,258,3317,-1037,-1036
20170317,11350,11400,11150,11150,30135,0.0,0.0,-619,21426,10.6,4.64,-48.15,150,258,3317,-1037,-1036
20170320,11200,11200,11150,11200,10717,0.0,0.0,-619,21426,10.6,4.64,-48.15,150,258,3317,-1037,-1036
20170321,11150,11250,11050,11100,22486,0.0,0.0,-619,21426,10.6,4.64,-48.15,150,258,3317,-1037,-1036
20170322,11050,11200,11000,11000,26947,0.0,0.0,-619,21426,10.6,4.64,-48.15,150,258,3317,-1037,-1036
20170323,11000,11150,10950,11100,27678,0.0,0.0,-619,21426,10.6,4.64,-48.15,150,258,3317,-1037,-1036
20170324,11100,11300,11050,11200,21114,0.0,0.0,-619,21426,10.6,4.64,-48.15,150,258,3317,-1037,-1036
20170327,11100,11350,11000,11200,30319,0.0,0.0,-619,21426,10.6,4.64,-48.15,150,258,3317,-1037,-1036
20170328,11250,11300,11050,11200,23739,0.0,0.0,-619,21426,10.6,4.64,-48.15,150,258,3317,-1037,-1036
20170329,11200,11200,11000,11050,26535,0.0,0.0,-619,21426,10.6,4.64,-48.15,150,258,3317,-1037,-1036
20170330,11150,11200,10950,11100,38129,0.0,0.0,-619,21426,10.6,4.64,-48.15,150,258,3317,-1037,-1036
20170331,11100,11450,11100,11450,29390,0.0,0.0,-619,21426,10.6,4.64,-48.15,150,258,3317,-1037,-1036
20170403,11300,11400,11150,11200,22166,0.0,0.0,-619,21426,10.6,4.64,-48.15,150,258,3317,-1037,-1036
20170404,11150,11300,11100,11150,15450,0.0,0.0,-619,21426,10.6,4.64,-48.15,150,258,3317,-1037,-1036
20170405,11200,11250,11050,11100,24219,0.0,0.0,-619,21426,10.6,4.64,-48.15,150,258,3317,-1037,-1036
20170406,11050,11200,11000,11050,27655,0.0,0.0,-619,21426,10.6,4.64,-48.15,150,258,3317,-1037,-1036
20170407,11050,11150,10950,11000,29824,0.0,0.0,-619,21426,10.6,4.64,-48.15,150,258,3317,-1037,-1036
20170410,10950,11050,10800,10800,27457,0.0,0.0,-619,21426,10.6,4.64,-48.15,150,258,3317,-1037,-1036
20170411,10850,10900,10700,10800,20359,0.0,0.0,-619,21426,10.6,4.64,-48.15,150,258,3317,-1037,-1036
20170412,10750,10850,10650,10800,21819,0.0,0.0,-619,21426,10.6,4.64,-48.15,150,258,3317,-1037,-1036
20170413,10700,11000,10700,10950,22509,0.0,0.0,-619,21426,10.6,4.64,-48.15,150,258,3317,-1037,-1036
20170414,10800,10950,10750,10800,18288,0.0,0.0,-619,21426,10.6,4.64,-48.15,150,258,3317,-1037,-1036
20170417,10800,11100,10750,11100,32215,0.0,0.0,-619,21426,10.6,4.64,-48.15,150,258,3317,-1037,-1036
20170418,11100,11200,10900,11150,26476,0.0,0.0,-619,21426,10.6,4.64,-48.15,150,258,3317,-1037,-1036
20170419,11050,11150,10950,11050,26171,0.0,0.0,-619,21426,10.6,4.64,-48.15,150,258,3317,-1037,-1036
20170420,11000,11150,10950,11100,27327,0.0,0.0,-619,21426,10.6,4.64,-48.15,150,258,3317,-1037,-1036
20170421,11150,11350,11100,11300,41089,0.0,0.0,-619,21426,10.6,4.64,-48.15,150,258,3317,-1037,-1036
20170424,11250,11300,11100,11150,16671,0.0,0.0,-619,21426,10.6,4.64,-48.15,150,258,3317,-1037,-1036
20170425,11150,11200,11050,11200,22132,0.0,0.0,-619,21426,10.6,4.64,-48.15,150,258,3317,-1037,-1036
20170426,11250,11250,11150,11250,8479,0.0,0.0,-619,21426,10.6,4.64,-48.15,150,258,3317,-1037,-1036
20170427,11250,11300,11100,11150,12410,0.0,0.0,-619,21426,10.6,4.64,-48.15,150,258,3317,-1037,-1036
20170428,11100,11100,11000,11100,14202,0.0,0.0,-619,21426,10.6,4.64,-48.15,150,258,3317,-1037,-1036
20170502,11050,11300,11050,11250,12565,0.0,0.0,-619,21426,10.6,4.64,-48.15,150,258,3317,-1037,-1036
20170504,11150,11300,11000,11200,23671,0.0,0.0,-619,21426,10.6,4.64,-48.15,150,258,3317,-1037,-1036
20170508,11150,11350,11150,11350,19520,0.0,0.0,-619,21426,10.6,4.64,-48.15,150,258,3317,-1037,-1036
20170510,11250,11550,11250,11250,41362,0.0,0.0,-619,21426,10.6,4.64,-48.15,150,258,3317,-1037,-1036
20170511,11250,11500,11200,11500,30902,0.0,0.0,-619,21426,10.6,4.64,-48.15,150,258,3317,-1037,-1036
20170512,11500,11550,11300,11400,30743,0.0,0.0,-619,21426,10.6,4.64,-48.15,150,258,3317,-1037,-1036
20170515,11400,11700,11350,11550,38105,0.0,0.0,-619,21426,10.6,4.64,-48.15,150,258,3317,-1037,-1036
20170516,11550,11750,11550,11750,51028,0.0,0.0,-619,21426,10.6,4.64,-48.15,150,258,3317,-1037,-1036
20170517,11650,11900,11550,11850,46195,0.0,0.0,-619,21426,10.6,4.64,-48.15,150,258,3317,-1037,-1036
20170518,11650,11800,11450,11550,82190,0.0,0.0,-619,21426,10.6,4.64,-48.15,150,258,3317,-1037,-1036
20170519,11700,12050,11600,11800,81103,0.0,0.0,-619,21426,10.6,4.64,-48.15,150,258,3317,-1037,-1036
20170522,11800,11950,11650,11700,53061,0.0,0.0,-619,21426,10.6,4.64,-48.15,150,258,3317,-1037,-1036
20170523,11650,11850,11550,11700,27513,0.0,0.0,-619,21426,10.6,4.64,-48.15,150,258,3317,-1037,-1036
20170524,11750,11850,11600,11850,36942,0.0,0.0,-619,21426,10.6,4.64,-48.15,150,258,3317,-1037,-1036
20170525,11850,12100,11800,12050,63902,0.0,0.0,-619,21426,10.6,4.64,-48.15,150,258,3317,-1037,-1036
20170526,12100,12100,11900,11900,27086,0.0,0.0,-619,21426,10.6,4.64,-48.15,150,258,3317,-1037,-1036
20170529,11900,12050,11600,11750,71508,0.0,0.0,-619,21426,10.6,4.64,-48.15,150,258,3317,-1037,-1036
20170530,11900,11900,11750,11750,32861,0.0,0.0,-619,21426,10.6,4.64,-48.15,150,258,3317,-1037,-1036
20170531,11800,12050,11700,11800,87883,0.0,0.0,-619,21426,10.6,4.64,-48.15,150,258,3317,-1037,-1036
20170601,11900,12000,11800,11900,20443,0.0,0.0,-619,21426,10.6,4.64,-48.15,150,258,3317,-1037,-1036
20170602,11850,12150,11800,12100,61973,0.0,0.0,-619,21426,10.6,4.64,-48.15,150,258,3317,-1037,-1036
20170605,12150,12200,11700,11750,70139,0.0,0.0,-619,21426,10.6,4.64,-48.15,150,258,3317,-1037,-1036
20170607,11800,12000,11600,11650,88974,0.0,0.0,-619,21426,10.6,4.64,-48.15,150,258,3317,-1037,-1036
20170608,11700,12150,11600,12150,257542,0.0,0.0,-619,21426,10.6,4.64,-48.15,150,258,3317,-1037,-1036
20170609,12200,12400,12000,12400,127404,0.0,0.0,-619,21426,10.6,4.64,-48.15,150,258,3317,-1037,-1036
20170612,12300,12400,11950,12100,36420,0.0,0.0,-619,21426,10.6,4.64,-48.15,150,258,3317,-1037,-1036
20170613,12050,12100,11950,12100,19738,0.0,0.0,-619,21426,10.6,4.64,-48.15,150,258,3317,-1037,-1036
20170614,12150,12150,11950,12000,26054,0.0,0.0,-619,21426,10.6,4.64,-48.15,150,258,3317,-1037,-1036
20170615,12100,12100,11800,11950,32826,0.0,0.0,-619,21426,10.6,4.64,-48.15,150,258,3317,-1037,-1036
20170616,12000,12000,11800,11950,32008,0.0,0.0,-619,21426,10.6,4.64,-48.15,150,258,3317,-1037,-1036
20170619,11950,12000,11750,11950,37138,0.0,0.0,-619,21426,10.6,4.64,-48.15,150,258,3317,-1037,-1036
20170620,11950,12000,11850,12000,33177,0.0,0.0,-619,21426,10.6,4.64,-48.15,150,258,3317,-1037,-1036
20170621,12000,12000,11750,11850,33291,0.0,0.0,-619,21426,10.6,4.64,-48.15,150,258,3317,-1037,-1036
20170622,11750,12100,11700,12100,50530,0.0,0.0,-619,21426,10.6,4.64,-48.15,150,258,3317,-1037,-1036
20170623,12150,12150,11800,11900,24534,0.0,0.0,-619,21426,10.6,4.64,-48.15,150,258,3317,-1037,-1036
20170626,12000,12000,11700,11750,25444,0.0,0.0,-619,21426,10.6,4.64,-48.15,150,258,3317,-1037,-1036
20170627,11750,11800,11650,11700,19524,0.0,0.0,-619,21426,10.6,4.64,-48.15,150,258,3317,-1037,-1036
20170628,11700,11850,11600,11750,18681,0.0,0.0,-619,21426,10.6,4.64,-48.15,150,258,3317,-1037,-1036
20170629,11650,11750,11450,11600,75475,0.0,0.0,-619,21426,10.6,4.64,-48.15,150,258,3317,-1037,-1036
20170630,11600,11700,11400,11550,41058,0.0,0.0,-619,21426,10.6,4.64,-48.15,150,258,3317,-1037,-1036
20170703,11550,11550,11400,11550,21773,0.0,0.0,-619,21426,10.6,4.64,-48.15,150,258,3317,-1037,-1036
20170704,11550,11650,11450,11500,10258,0.0,0.0,-619,21426,10.6,4.64,-48.15,150,258,3317,-1037,-1036
20170705,11500,11550,11400,11400,8427,0.0,0.0,-619,21426,10.6,4.64,-48.15,150,258,3317,-1037,-1036
20170706,11500,11500,11300,11500,13703,0.0,0.0,-619,21426,10.6,4.64,-48.15,150,258,3317,-1037,-1036
20170707,11500,11500,11350,11400,14359,0.0,0.0,-619,21426,10.6,4.64,-48.15,150,258,3317,-1037,-1036
20170710,11350,11350,10900,10950,70740,0.0,0.0,-619,21426,10.6,4.64,-48.15,150,258,3317,-1037,-1036
20170711,10950,11100,10950,11050,24690,0.0,0.0,-619,21426,10.6,4.64,-48.15,150,258,3317,-1037,-1036
20170712,11000,11150,10900,10900,20716,0.0,0.0,-619,21426,10.6,4.64,-48.15,150,258,3317,-1037,-1036
20170713,11000,11150,11000,11050,20321,0.0,0.0,-619,21426,10.6,4.64,-48.15,150,258,3317,-1037,-1036
20170714,11100,11100,10900,10950,8792,0.0,0.0,-619,21426,10.6,4.64,-48.15,150,258,3317,-1037,-1036
20170717,11000,11150,11000,11000,15379,0.0,0.0,-619,21426,10.6,4.64,-48.15,150,258,3317,-1037,-1036
20170718,11100,11250,11050,11150,20448,0.0,0.0,-619,21426,10.6,4.64,-48.15,150,258,3317,-1037,-1036
20170719,11200,11200,10900,11100,30630,0.0,0.0,-619,21426,10.6,4.64,-48.15,150,258,3317,-1037,-1036
20170720,11100,11300,11000,11250,15840,0.0,0.0,-619,21426,10.6,4.64,-48.15,150,258,3317,-1037,-1036
20170721,11250,11300,11150,11200,11797,0.0,0.0,-619,21426,10.6,4.64,-48.15,150,258,3317,-1037,-1036
20170724,11200,11450,11150,11350,25791,0.0,0.0,-619,21426,10.6,4.64,-48.15,150,258,3317,-1037,-1036
20170725,11350,11400,11200,11300,11335,0.0,0.0,-619,21426,10.6,4.64,-48.15,150,258,3317,-1037,-1036
20170726,11200,11400,11200,11300,15388,0.0,0.0,-619,21426,10.6,4.64,-48.15,150,258,3317,-1037,-1036
20170727,11300,11650,11200,11600,39632,0.0,0.0,-619,21426,10.6,4.64,-48.15,150,258,3317,-1037,-1036
20170728,11600,11700,11400,11550,32702,0.0,0.0,-619,21426,10.6,4.64,-48.15,150,258,3317,-1037,-1036
20170731,11550,11600,11400,11550,17686,0.0,0.0,-619,21426,10.6,4.64,-48.15,150,258,3317,-1037,-1036
20170801,11500,11600,11450,11600,18592,0.0,0.0,-619,21426,10.6,4.64,-48.15,150,258,3317,-1037,-1036
20170802,11650,11650,11500,11600,6975,0.0,0.0,-619,21426,10.6,4.64,-48.15,150,258,3317,-1037,-1036
20170803,11500,11550,11350,11450,14714,0.0,0.0,-619,21426,10.6,4.64,-48.15,150,258,3317,-1037,-1036
20170804,11500,11550,11200,11400,17851,0.0,0.0,-619,21426,10.6,4.64,-48.15,150,258,3317,-1037,-1036
20170807,11400,11450,11200,11300,10480,0.0,0.0,-619,21426,10.6,4.64,-48.15,150,258,3317,-1037,-1036
20170808,11250,11400,11150,11200,25302,0.0,0.0,-619,21426,10.6,4.64,-48.15,150,258,3317,-1037,-1036
20170809,11200,11300,11100,11200,12828,0.0,0.0,-619,21426,10.6,4.64,-48.15,150,258,3317,-1037,-1036
20170810,11200,11400,11200,11400,19544,0.0,0.0,-619,21426,10.6,4.64,-48.15,150,258,3317,-1037,-1036
20170811,11200,11200,11100,11150,17485,0.0,0.0,-619,21426,10.6,4.64,-48.15,150,258,3317,-1037,-1036
20170814,11150,11350,11050,11300,21924,0.0,0.0,-619,21426,10.6,4.64,-48.15,150,258,3317,-1037,-1036
20170816,11300,11700,11300,11600,67270,0.0,0.0,-619,21426,10.6,4.64,-48.15,150,258,3317,-1037,-1036
20170817,11600,11700,11550,11600,11406,0.0,0.0,-619,21426,10.6,4.64,-48.15,150,258,3317,-1037,-1036
20170818,11550,11700,11450,11500,6884,0.0,0.0,-619,21426,10.6,4.64,-48.15,150,258,3317,-1037,-1036
20170821,11600,11600,11400,11550,15531,0.0,0.0,-619,21426,10.6,4.64,-48.15,150,258,3317,-1037,-1036
20170822,11600,11750,11500,11650,20489,0.0,0.0,-619,21426,10.6,4.64,-48.15,150,258,3317,-1037,-1036
20170823,11700,11750,11450,11550,15700,0.0,0.0,-619,21426,10.6,4.64,-48.15,150,258,3317,-1037,-1036
20170824,11550,11900,11500,11750,46735,0.0,0.0,-619,21426,10.6,4.64,-48.15,150,258,3317,-1037,-1036
20170825,11850,11850,11650,11700,7556,0.0,0.0,-619,21426,10.6,4.64,-48.15,150,258,3317,-1037,-1036
20170828,11650,11800,11550,11550,7525,0.0,0.0,-619,21426,10.6,4.64,-48.15,150,258,3317,-1037,-1036
20170829,11700,11700,11500,11550,5750,0.0,0.0,-619,21426,10.6,4.64,-48.15,150,258,3317,-1037,-1036
20170830,11600,11700,11500,11650,6580,0.0,0.0,-619,21426,10.6,4.64,-48.15,150,258,3317,-1037,-1036
20170831,11600,11700,11400,11500,17575,0.0,0.0,-619,21426,10.6,4.64,-48.15,150,258,3317,-1037,-1036
20170901,11400,11600,11350,11400,14378,0.0,0.0,-619,21426,10.6,4.64,-48.15,150,258,3317,-1037,-1036
20170904,11000,11350,11000,11150,35119,0.0,0.0,-619,21426,10.6,4.64,-48.15,150,258,3317,-1037,-1036
20170905,11200,11200,11050,11150,21021,0.0,0.0,-619,21426,10.6,4.64,-48.15,150,258,3317,-1037,-1036
20170906,11150,11200,11000,11150,20003,0.0,0.0,-619,21426,10.6,4.64,-48.15,150,258,3317,-1037,-1036
20170907,11150,11400,11150,11350,19031,0.0,0.0,-619,21426,10.6,4.64,-48.15,150,258,3317,-1037,-1036
20170908,11250,11350,11100,11200,10649,0.0,0.0,-619,21426,10.6,4.64,-48.15,150,258,3317,-1037,-1036
20170911,11200,11250,11050,11150,7189,0.0,0.0,-619,21426,10.6,4.64,-48.15,150,258,3317,-1037,-1036
20170912,11150,11150,11000,11000,19752,0.0,0.0,-619,21426,10.6,4.64,-48.15,150,258,3317,-1037,-1036
20170913,11050,11100,10900,11000,20555,0.0,0.0,-619,21426,10.6,4.64,-48.15,150,258,3317,-1037,-1036
20170914,10950,11050,10800,11000,23999,0.0,0.0,-619,21426,10.6,4.64,-48.15,150,258,3317,-1037,-1036
20170915,11000,11050,10900,10950,111164,0.0,0.0,-619,21426,10.6,4.64,-48.15,150,258,3317,-1037,-1036
20170918,10950,11050,10900,10950,17659,0.0,0.0,-619,21426,10.6,4.64,-48.15,150,258,3317,-1037,-1036
20170919,11000,11250,10900,10950,20814,0.0,0.0,-619,21426,10.6,4.64,-48.15,150,258,3317,-1037,-1036
20170920,11000,11050,10850,10950,19488,0.0,0.0,-619,21426,10.6,4.64,-48.15,150,258,3317,-1037,-1036
20170921,10950,11050,10800,10950,10999,0.0,0.0,-619,21426,10.6,4.64,-48.15,150,258,3317,-1037,-1036
20170922,10850,11050,10800,10900,14056,0.0,0.0,-619,21426,10.6,4.64,-48.15,150,258,3317,-1037,-1036
20170925,10900,10900,10750,10800,7816,0.0,0.0,-619,21426,10.6,4.64,-48.15,150,258,3317,-1037,-1036
20170926,10800,11050,10750,10800,9000,0.0,0.0,-619,21426,10.6,4.64,-48.15,150,258,3317,-1037,-1036
20170927,10850,11200,10800,11000,26763,0.0,0.0,-619,21426,10.6,4.64,-48.15,150,258,3317,-1037,-1036
20170928,11100,11150,10950,11100,7694,0.0,0.0,-619,21426,10.6,4.64,-48.15,150,258,3317,-1037,-1036
20170929,11150,11150,10950,11100,10639,0.0,0.0,-619,21426,10.6,4.64,-48.15,150,258,3317,-1037,-1036
20171010,11100,11100,10850,10850,16535,0.0,0.0,-619,21426,10.6,4.64,-48.15,150,258,3317,-1037,-1036
20171011,11050,11150,10850,11050,18438,0.0,0.0,-619,21426,10.6,4.64,-48.15,150,258,3317,-1037,-1036
20171012,11000,11100,10900,11000,14154,0.0,0.0,-619,21426,10.6,4.64,-48.15,150,258,3317,-1037,-1036
20171013,10950,11050,10900,11000,4177,0.0,0.0,-619,21426,10.6,4.64,-48.15,150,258,3317,-1037,-1036
20171016,10900,10950,10350,10550,34482,0.0,0.0,-619,21426,10.6,4.64,-48.15,150,258,3317,-1037,-1036
20171017,10600,10600,10250,10400,34441,0.0,0.0,-619,21426,10.6,4.64,-48.15,150,258,3317,-1037,-1036
20171018,10450,10450,10150,10200,20245,0.0,0.0,-619,21426,10.6,4.64,-48.15,150,258,3317,-1037,-1036
20171019,10200,10450,10200,10300,14794,0.0,0.0,-619,21426,10.6,4.64,-48.15,150,258,3317,-1037,-1036
20171020,10400,10650,10350,10650,16983,0.0,0.0,-619,21426,10.6,4.64,-48.15,150,258,3317,-1037,-1036
20171023,10700,10800,10600,10650,10366,0.0,0.0,-619,21426,10.6,4.64,-48.15,150,258,3317,-1037,-1036
20171024,10650,10750,10600,10600,13885,0.0,0.0,-619,21426,10.6,4.64,-48.15,150,258,3317,-1037,-1036
20171025,10600,10700,10550,10550,4616,0.0,0.0,-619,21426,10.6,4.64,-48.15,150,258,3317,-1037,-1036
20171026,10500,10650,10450,10600,8367,0.0,0.0,-619,21426,10.6,4.64,-48.15,150,258,3317,-1037,-1036
20171027,10650,10850,10600,10800,17677,0.0,0.0,-619,21426,10.6,4.64,-48.15,150,258,3317,-1037,-1036
20171030,10850,10900,10600,10800,17194,0.0,0.0,-619,21426,10.6,4.64,-48.15,150,258,3317,-1037,-1036
20171031,10750,10850,10600,10850,12551,0.0,0.0,-619,21426,10.6,4.64,-48.15,150,258,3317,-1037,-1036
20171101,10900,10900,10600,10850,20179,0.0,0.0,-619,21426,10.6,4.64,-48.15,150,258,3317,-1037,-1036
20171102,10800,10850,10550,10650,6755,0.0,0.0,-619,21426,10.6,4.64,-48.15,150,258,3317,-1037,-1036
20171103,10700,10700,10500,10600,17866,0.0,0.0,-619,21426,10.6,4.64,-48.15,150,258,3317,-1037,-1036
20171106,10600,10650,10400,10600,7194,0.0,0.0,-619,21426,10.6,4.64,-48.15,150,258,3317,-1037,-1036
20171107,10650,10650,10400,10600,12402,0.0,0.0,-619,21426,10.6,4.64,-48.15,150,258,3317,-1037,-1036
20171108,10600,10700,10500,10700,12516,0.0,0.0,-619,21426,10.6,4.64,-48.15,150,258,3317,-1037,-1036
20171109,10550,10650,10550,10650,4746,0.0,0.0,-619,21426,10.6,4.64,-48.15,150,258,3317,-1037,-1036
20171110,10650,10750,10450,10600,20344,0.0,0.0,-619,21426,10.6,4.64,-48.15,150,258,3317,-1037,-1036
20171113,10600,10650,10500,10600,9360,0.0,0.0,-619,21426,10.6,4.64,-48.15,150,258,3317,-1037,-1036
20171114,10500,10650,10450,10600,14625,0.0,0.0,-619,21426,10.6,4.64,-48.15,150,258,3317,-1037,-1036
20171115,10600,10650,10500,10650,24578,0.0,0.0,-619,21426,10.6,4.64,-48.15,150,258,3317,-1037,-1036
20171116,10600,10650,10500,10600,15561,0.0,0.0,-619,21426,10.6,4.64,-48.15,150,258,3317,-1037,-1036
20171117,10600,10600,10500,10600,5740,0.0,0.0,-619,21426,10.6,4.64,-48.15,150,258,3317,-1037,-1036
20171120,10650,10650,10350,10450,48067,0.0,0.0,-619,21426,10.6,4.64,-48.15,150,258,3317,-1037,-1036
20171121,10500,10650,10500,10600,36945,0.0,0.0,-619,21426,10.6,4.64,-48.15,150,258,3317,-1037,-1036
20171122,10700,10700,10450,10550,9405,0.0,0.0,-619,21426,10.6,4.64,-48.15,150,258,3317,-1037,-1036
20171123,10600,10600,10450,10500,6757,0.0,0.0,-619,21426,10.6,4.64,-48.15,150,258,3317,-1037,-1036
20171124,10500,10600,10400,10450,9419,0.0,0.0,-619,21426,10.6,4.64,-48.15,150,258,3317,-1037,-1036
20171127,10500,10550,10300,10450,18305,0.0,0.0,-619,21426,10.6,4.64,-48.15,150,258,3317,-1037,-1036
20171128,10450,10450,10350,10450,9761,0.0,0.0,-619,21426,10.6,4.64,-48.15,150,258,3317,-1037,-1036
20171129,10450,10450,10150,10200,28942,0.0,0.0,-619,21426,10.6,4.64,-48.15,150,258,3317,-1037,-1036
20171130,10150,10300,10150,10250,11864,0.0,0.0,-619,21426,10.6,4.64,-48.15,150,258,3317,-1037,-1036
20171201,10250,10300,10000,10150,36807,0.0,0.0,-619,21426,10.6,4.64,-48.15,150,258,3317,-1037,-1036
20171204,10150,10200,10100,10150,10153,0.0,0.0,-619,21426,10.6,4.64,-48.15,150,258,3317,-1037,-1036
20171205,10200,10300,10000,10150,61233,0.0,0.0,-619,21426,10.6,4.64,-48.15,150,258,3317,-1037,-1036
20171206,10100,10150,10000,10000,51539,0.0,0.0,-619,21426,10.6,4.64,-48.15,150,258,3317,-1037,-1036
20171207,10050,10050,9900,9980,36036,0.0,0.0,-619,21426,10.6,4.64,-48.15,150,258,3317,-1037,-1036
20171208,10050,10050,9700,9900,55993,0.0,0.0,-619,21426,10.6,4.64,-48.15,150,258,3317,-1037,-1036
20171211,9900,9900,9850,9880,19047,0.0,0.0,-619,21426,10.6,4.64,-48.15,150,258,3317,-1037,-1036
20171212,9920,9920,9800,9850,14596,0.0,0.0,-619,21426,10.6,4.64,-48.15,150,258,3317,-1037,-1036
20171213,9850,10000,9840,9890,6390,0.0,0.0,-619,21426,10.6,4.64,-48.15,150,258,3317,-1037,-1036
20171214,9990,10000,9810,9850,23567,0.0,0.0,-619,21426,10.6,4.64,-48.15,150,258,3317,-1037,-1036
20171215,9850,9930,9840,9930,11094,0.0,0.0,-619,21426,10.6,4.64,-48.15,150,258,3317,-1037,-1036
20171218,9880,9920,9830,9900,10443,0.0,0.0,-619,21426,10.6,4.64,-48.15,150,258,3317,-1037,-1036
20171219,9900,9930,9760,9830,16127,0.0,0.0,-619,21426,10.6,4.64,-48.15,150,258,3317,-1037,-1036
20171220,9790,10350,9740,10150,65556,0.0,0.0,-619,21426,10.6,4.64,-48.15,150,258,3317,-1037,-1036
20171221,10150,10250,9990,10150,20497,0.0,0.0,-619,21426,10.6,4.64,-48.15,150,258,3317,-1037,-1036
20171222,10150,10150,9990,10000,12328,0.0,0.0,-619,21426,10.6,4.64,-48.15,150,258,3317,-1037,-1036
20171226,10050,10200,9980,10000,41064,0.0,0.0,-619,21426,10.6,4.64,-48.15,150,258,3317,-1037,-1036
20171227,10000,10050,9910,10000,3498,0.0,0.0,-619,21426,10.6,4.64,-48.15,150,258,3317,-1037,-1036
20171228,9940,10100,9940,10100,14801,0.0,0.0,-619,21426,10.6,4.64,-48.15,150,258,3317,-1037,-1036
20180102,10100,10150,9970,10000,14117,0.0,0.0,-116,20862,10.84,2.93,-80.66,200,264,1245,-1022,-199
20180103,10100,10300,9970,10200,31970,0.0,0.0,-116,20862,10.84,2.93,-80.66,200,264,1245,-1022,-199
20180104,10250,10250,9970,9970,18148,0.0,0.0,-116,20862,10.84,2.93,-80.66,200,264,1245,-1022,-199
20180105,10100,10100,9990,10050,4989,0.0,0.0,-116,20862,10.84,2.93,-80.66,200,264,1245,-1022,-199
20180108,10000,10100,9970,10000,6200,0.0,0.0,-116,20862,10.84,2.93,-80.66,200,264,1245,-1022,-199
20180109,10050,10100,9990,10000,11543,0.0,0.0,-116,20862,10.84,2.93,-80.66,200,264,1245,-1022,-199
20180110,10050,10100,10000,10100,8363,0.0,0.0,-116,20862,10.84,2.93,-80.66,200,264,1245,-1022,-199
20180111,10150,10150,9990,10050,5596,0.0,0.0,-116,20862,10.84,2.93,-80.66,200,264,1245,-1022,-199
20180112,10150,10150,9990,9990,26677,0.0,0.0,-116,20862,10.84,2.93,-80.66,200,264,1245,-1022,-199
20180115,10000,10100,9900,9910,20506,0.0,0.0,-116,20862,10.84,2.93,-80.66,200,264,1245,-1022,-199
20180116,9840,9930,9800,9870,22729,0.0,0.0,-116,20862,10.84,2.93,-80.66,200,264,1245,-1022,-199
20180117,9790,9830,9740,9770,19595,0.0,0.0,-116,20862,10.84,2.93,-80.66,200,264,1245,-1022,-199
20180118,9800,9940,9770,9890,15331,0.0,0.0,-116,20862,10.84,2.93,-80.66,200,264,1245,-1022,-199
20180119,9950,9980,9880,9920,4785,0.0,0.0,-116,20862,10.84,2.93,-80.66,200,264,1245,-1022,-199
20180122,9970,10000,9820,9980,8567,0.0,0.0,-116,20862,10.84,2.93,-80.66,200,264,1245,-1022,-199
20180123,10000,10050,9950,9950,4169,0.0,0.0,-116,20862,10.84,2.93,-80.66,200,264,1245,-1022,-199
20180124,9990,10050,9940,9950,8411,0.0,0.0,-116,20862,10.84,2.93,-80.66,200,264,1245,-1022,-199
20180125,9950,10150,9950,10100,18407,0.0,0.0,-116,20862,10.84,2.93,-80.66,200,264,1245,-1022,-199
20180126,10100,10100,10050,10100,16939,0.0,0.0,-116,20862,10.84,2.93,-80.66,200,264,1245,-1022,-199
20180129,10150,10700,10100,10500,102212,0.0,0.0,-116,20862,10.84,2.93,-80.66,200,264,1245,-1022,-199
20180130,10500,10500,10150,10250,45008,0.0,0.0,-116,20862,10.84,2.93,-80.66,200,264,1245,-1022,-199
20180131,10300,10350,10050,10250,39364,0.0,0.0,-116,20862,10.84,2.93,-80.66,200,264,1245,-1022,-199
20180201,10200,10450,10200,10400,29163,0.0,0.0,-116,20862,10.84,2.93,-80.66,200,264,1245,-1022,-199
20180202,10500,10500,10250,10250,11973,0.0,0.0,-116,20862,10.84,2.93,-80.66,200,264,1245,-1022,-199
20180205,10150,10250,10100,10100,5345,0.0,0.0,-116,20862,10.84,2.93,-80.66,200,264,1245,-1022,-199
20180206,10000,10050,9820,9940,20530,0.0,0.0,-116,20862,10.84,2.93,-80.66,200,264,1245,-1022,-199
20180207,9940,10100,9910,9960,16889,0.0,0.0,-116,20862,10.84,2.93,-80.66,200,264,1245,-1022,-199
20180208,9960,10050,9930,9990,7430,0.0,0.0,-116,20862,10.84,2.93,-80.66,200,264,1245,-1022,-199
20180209,9980,9980,9780,9810,27247,0.0,0.0,-116,20862,10.84,2.93,-80.66,200,264,1245,-1022,-199
20180212,9760,9900,9760,9810,6501,0.0,0.0,-116,20862,10.84,2.93,-80.66,200,264,1245,-1022,-199
20180213,9840,9840,9760,9780,8458,0.0,0.0,-116,20862,10.84,2.93,-80.66,200,264,1245,-1022,-199
20180214,9910,9910,9700,9700,15936,0.0,0.0,-116,20862,10.84,2.93,-80.66,200,264,1245,-1022,-199
20180219,9690,9780,9460,9570,45984,0.0,0.0,-116,20862,10.84,2.93,-80.66,200,264,1245,-1022,-199
20180220,9580,9630,9550,9610,18705,0.0,0.0,-116,20862,10.84,2.93,-80.66,200,264,1245,-1022,-199
20180221,9650,9650,9560,9600,16076,0.0,0.0,-116,20862,10.84,2.93,-80.66,200,264,1245,-1022,-199
20180222,9640,9640,9560,9580,10239,0.0,0.0,-116,20862,10.84,2.93,-80.66,200,264,1245,-1022,-199
20180223,9610,9630,9550,9570,17145,0.0,0.0,-116,20862,10.84,2.93,-80.66,200,264,1245,-1022,-199
20180226,9610,9670,9550,9610,9934,0.0,0.0,-116,20862,10.84,2.93,-80.66,200,264,1245,-1022,-199
20180227,9610,9640,9520,9530,25322,0.0,0.0,-116,20862,10.84,2.93,-80.66,200,264,1245,-1022,-199
20180228,9540,9640,9480,9480,12026,0.0,0.0,-116,20862,10.84,2.93,-80.66,200,264,1245,-1022,-199
20180302,9490,9490,9390,9430,28495,0.0,0.0,-116,20862,10.84,2.93,-80.66,200,264,1245,-1022,-199
20180305,9380,9470,9210,9240,25129,0.0,0.0,-116,20862,10.84,2.93,-80.66,200,264,1245,-1022,-199
20180306,9260,9410,9240,9300,4863,0.0,0.0,-116,20862,10.84,2.93,-80.66,200,264,1245,-1022,-199
20180307,9400,9400,9290,9330,6168,0.0,0.0,-116,20862,10.84,2.93,-80.66,200,264,1245,-1022,-199
20180308,9340,9360,9210,9360,5744,0.0,0.0,-116,20862,10.84,2.93,-80.66,200,264,1245,-1022,-199
20180309,9300,9490,9300,9480,6240,0.0,0.0,-116,20862,10.84,2.93,-80.66,200,264,1245,-1022,-199
20180312,9480,9710,9420,9700,15188,0.0,0.0,-116,20862,10.84,2.93,-80.66,200,264,1245,-1022,-199
20180313,9700,9730,9610,9630,4790,0.0,0.0,-116,20862,10.84,2.93,-80.66,200,264,1245,-1022,-199
20180314,9650,9730,9620,9700,8306,0.0,0.0,-116,20862,10.84,2.93,-80.66,200,264,1245,-1022,-199
20180315,9690,9730,9630,9700,3911,0.0,0.0,-116,20862,10.84,2.93,-80.66,200,264,1245,-1022,-199
20180316,9690,9780,9690,9760,6794,0.0,0.0,-116,20862,10.84,2.93,-80.66,200,264,1245,-1022,-199
20180319,9710,9820,9560,9770,6792,0.0,0.0,-116,20862,10.84,2.93,-80.66,200,264,1245,-1022,-199
20180320,9770,9900,9700,9830,11473,0.0,0.0,-116,20862,10.84,2.93,-80.66,200,264,1245,-1022,-199
20180321,9740,9880,9710,9840,3283,0.0,0.0,-116,20862,10.84,2.93,-80.66,200,264,1245,-1022,-199
20180322,9830,9880,9740,9840,2921,0.0,0.0,-116,20862,10.84,2.93,-80.66,200,264,1245,-1022,-199
20180323,9850,9890,9600,9700,4674,0.0,0.0,-116,20862,10.84,2.93,-80.66,200,264,1245,-1022,-199
20180326,9700,9800,9700,9750,7552,0.0,0.0,-116,20862,10.84,2.93,-80.66,200,264,1245,-1022,-199
20180327,9750,9900,9740,9760,5576,0.0,0.0,-116,20862,10.84,2.93,-80.66,200,264,1245,-1022,-199
20180328,9770,9770,9600,9700,3521,0.0,0.0,-116,20862,10.84,2.93,-80.66,200,264,1245,-1022,-199
20180329,9630,9800,9630,9690,674,0.0,0.0,-116,20862,10.84,2.93,-80.66,200,264,1245,-1022,-199
20180330,9700,9790,9680,9740,2549,0.0,0.0,-116,20862,10.84,2.93,-80.66,200,264,1245,-1022,-199
20180402,9800,9800,9700,9700,4935,0.0,0.0,-116,20862,10.84,2.93,-80.66,200,264,1245,-1022,-199
20180403,9710,9940,9700,9940,16684,0.0,0.0,-116,20862,10.84,2.93,-80.66,200,264,1245,-1022,-199
20180404,9950,9960,9760,9800,6805,0.0,0.0,-116,20862,10.84,2.93,-80.66,200,264,1245,-1022,-199
20180405,9800,9910,9800,9900,7919,0.0,0.0,-116,20862,10.84,2.93,-80.66,200,264,1245,-1022,-199
20180406,9890,10050,9890,9940,12651,0.0,0.0,-116,20862,10.84,2.93,-80.66,200,264,1245,-1022,-199
20180409,9900,9940,9790,9820,4552,0.0,0.0,-116,20862,10.84,2.93,-80.66,200,264,1245,-1022,-199
20180410,9890,9990,9800,9850,2653,0.0,0.0,-116,20862,10.84,2.93,-80.66,200,264,1245,-1022,-199
20180411,9840,9880,9760,9760,3111,0.0,0.0,-116,20862,10.84,2.93,-80.66,200,264,1245,-1022,-199
20180412,9750,9850,9650,9700,10125,0.0,0.0,-116,20862,10.84,2.93,-80.66,200,264,1245,-1022,-199
20180413,9750,9770,9690,9730,10998,0.0,0.0,-116,20862,10.84,2.93,-80.66,200,264,1245,-1022,-199
20180416,9680,9760,9540,9540,10737,0.0,0.0,-116,20862,10.84,2.93,-80.66,200,264,1245,-1022,-199
20180417,9550,9630,9520,9630,8796,0.0,0.0,-116,20862,10.84,2.93,-80.66,200,264,1245,-1022,-199
20180418,9700,9700,9570,9690,3902,0.0,0.0,-116,20862,10.84,2.93,-80.66,200,264,1245,-1022,-199
20180419,9690,9780,9560,9570,13892,0.0,0.0,-116,20862,10.84,2.93,-80.66,200,264,1245,-1022,-199
20180420,9550,9560,9510,9550,11098,0.0,0.0,-116,20862,10.84,2.93,-80.66,200,264,1245,-1022,-199
20180423,9500,9500,9450,9500,32723,0.0,0.0,-116,20862,10.84,2.93,-80.66,200,264,1245,-1022,-199
20180424,9500,9510,9460,9500,32981,0.0,0.0,-116,20862,10.84,2.93,-80.66,200,264,1245,-1022,-199
20180425,9520,9560,9470,9490,30302,0.0,0.0,-116,20862,10.84,2.93,-80.66,200,264,1245,-1022,-199
20180426,9490,9540,9450,9490,10210,0.0,0.0,-116,20862,10.84,2.93,-80.66,200,264,1245,-1022,-199
20180427,9490,9550,9440,9470,13084,0.0,0.0,-116,20862,10.84,2.93,-80.66,200,264,1245,-1022,-199
20180430,9470,9540,9430,9450,10604,0.0,0.0,-116,20862,10.84,2.93,-80.66,200,264,1245,-1022,-199
20180502,9490,9500,9400,9410,15986,0.0,0.0,-116,20862,10.84,2.93,-80.66,200,264,1245,-1022,-199
20180503,9430,9700,9400,9540,22677,0.0,0.0,-116,20862,10.84,2.93,-80.66,200,264,1245,-1022,-199
20180504,9560,9790,9520,9610,9082,0.0,0.0,-116,20862,10.84,2.93,-80.66,200,264,1245,-1022,-199
20180508,9600,9610,9380,9430,20988,0.0,0.0,-116,20862,10.84,2.93,-80.66,200,264,1245,-1022,-199
20180509,9380,9500,9370,9450,13000,0.0,0.0,-116,20862,10.84,2.93,-80.66,200,264,1245,-1022,-199
20180510,9450,9540,9370,9410,6575,0.0,0.0,-116,20862,10.84,2.93,-80.66,200,264,1245,-1022,-199
20180511,9460,9490,9350,9440,20785,0.0,0.0,-116,20862,10.84,2.93,-80.66,200,264,1245,-1022,-199
20180514,9440,9490,9430,9460,10249,0.0,0.0,-116,20862,10.84,2.93,-80.66,200,264,1245,-1022,-199
20180515,9450,9470,9400,9470,13665,0.0,0.0,-116,20862,10.84,2.93,-80.66,200,264,1245,-1022,-199
20180516,9420,9490,9340,9410,11189,0.0,0.0,-116,20862,10.84,2.93,-80.66,200,264,1245,-1022,-199
20180517,9480,9480,9390,9430,7079,0.0,0.0,-116,20862,10.84,2.93,-80.66,200,264,1245,-1022,-199
20180518,9490,9620,9420,9580,37875,0.0,0.0,-116,20862,10.84,2.93,-80.66,200,264,1245,-1022,-199
20180521,9620,9630,9490,9550,11553,0.0,0.0,-116,20862,10.84,2.93,-80.66,200,264,1245,-1022,-199
20180523,9510,9580,9460,9550,13309,0.0,0.0,-116,20862,10.84,2.93,-80.66,200,264,1245,-1022,-199
20180524,9600,9600,9500,9570,9288,0.0,0.0,-116,20862,10.84,2.93,-80.66,200,264,1245,-1022,-199
20180525,9520,9550,9380,9440,25783,0.0,0.0,-116,20862,10.84,2.93,-80.66,200,264,1245,-1022,-199
20180528,9370,9560,9360,9560,31650,0.0,0.0,-116,20862,10.84,2.93,-80.66,200,264,1245,-1022,-199
20180529,9560,9640,9530,9580,5838,0.0,0.0,-116,20862,10.84,2.93,-80.66,200,264,1245,-1022,-199
20180530,9580,9580,9400,9430,3767,0.0,0.0,-116,20862,10.84,2.93,-80.66,200,264,1245,-1022,-199
20180531,9430,9480,9350,9370,6992,0.0,0.0,-116,20862,10.84,2.93,-80.66,200,264,1245,-1022,-199
20180601,9440,9460,9340,9360,8624,0.0,0.0,-116,20862,10.84,2.93,-80.66,200,264,1245,-1022,-199
20180604,9340,9500,9310,9440,2700,0.0,0.0,-116,20862,10.84,2.93,-80.66,200,264,1245,-1022,-199
20180605,9440,9520,9390,9390,3704,0.0,0.0,-116,20862,10.84,2.93,-80.66,200,264,1245,-1022,-199
20180607,9360,9500,9320,9490,6680,0.0,0.0,-116,20862,10.84,2.93,-80.66,200,264,1245,-1022,-199
20180608,9490,9590,9400,9510,2981,0.0,0.0,-116,20862,10.84,2.93,-80.66,200,264,1245,-1022,-199
20180611,9510,9550,9400,9550,2628,0.0,0.0,-116,20862,10.84,2.93,-80.66,200,264,1245,-1022,-199
20180612,9550,9560,9430,9440,3019,0.0,0.0,-116,20862,10.84,2.93,-80.66,200,264,1245,-1022,-199
20180614,9440,9540,9340,9430,7856,0.0,0.0,-116,20862,10.84,2.93,-80.66,200,264,1245,-1022,-199
20180615,9430,9490,9320,9420,7202,0.0,0.0,-116,20862,10.84,2.93,-80.66,200,264,1245,-1022,-199
20180618,9420,9420,9190,9220,15350,0.0,0.0,-116,20862,10.84,2.93,-80.66,200,264,1245,-1022,-199
20180619,9250,9290,9080,9090,24642,0.0,0.0,-116,20862,10.84,2.93,-80.66,200,264,1245,-1022,-199
20180620,9010,9110,8950,9010,15185,0.0,0.0,-116,20862,10.84,2.93,-80.66,200,264,1245,-1022,-199
20180621,9010,9040,8800,8820,16039,0.0,0.0,-116,20862,10.84,2.93,-80.66,200,264,1245,-1022,-199
20180622,8820,8860,8760,8770,9293,0.0,0.0,-116,20862,10.84,2.93,-80.66,200,264,1245,-1022,-199
20180625,8800,8910,8780,8890,5722,0.0,0.0,-116,20862,10.84,2.93,-80.66,200,264,1245,-1022,-199
20180626,8890,8890,8590,8700,42106,0.0,0.0,-116,20862,10.84,2.93,-80.66,200,264,1245,-1022,-199
20180627,8750,8770,8630,8700,1633,0.0,0.0,-116,20862,10.84,2.93,-80.66,200,264,1245,-1022,-199
20180628,8950,8950,8700,8770,29465,0.0,0.0,-116,20862,10.84,2.93,-80.66,200,264,1245,-1022,-199
20180629,8770,8820,8640,8680,3621,0.0,0.0,-116,20862,10.84,2.93,-80.66,200,264,1245,-1022,-199
20180702,8680,8760,8400,8560,10963,0.0,0.0,-116,20862,10.84,2.93,-80.66,200,264,1245,-1022,-199
20180703,8660,8660,8270,8430,9265,0.0,0.0,-116,20862,10.84,2.93,-80.66,200,264,1245,-1022,-199
20180704,8500,8500,8280,8410,3801,0.0,0.0,-116,20862,10.84,2.93,-80.66,200,264,1245,-1022,-199
20180705,8280,8420,8170,8230,6889,0.0,0.0,-116,20862,10.84,2.93,-80.66,200,264,1245,-1022,-199
20180706,8400,8420,8210,8310,6764,0.0,0.0,-116,20862,10.84,2.93,-80.66,200,264,1245,-1022,-199
20180709,8230,8320,8150,8240,4394,0.0,0.0,-116,20862,10.84,2.93,-80.66,200,264,1245,-1022,-199
20180710,8300,8400,8200,8400,3005,0.0,0.0,-116,20862,10.84,2.93,-80.66,200,264,1245,-1022,-199
20180711,8410,8510,8300,8510,7823,0.0,0.0,-116,20862,10.84,2.93,-80.66,200,264,1245,-1022,-199
20180712,8510,8570,8400,8530,10416,0.0,0.0,-116,20862,10.84,2.93,-80.66,200,264,1245,-1022,-199
20180713,8460,8590,8460,8590,2541,0.0,0.0,-116,20862,10.84,2.93,-80.66,200,264,1245,-1022,-199
20180716,8600,8630,8460,8530,4366,0.0,0.0,-116,20862,10.84,2.93,-80.66,200,264,1245,-1022,-199
20180717,8580,8580,8400,8480,1801,0.0,0.0,-116,20862,10.84,2.93,-80.66,200,264,1245,-1022,-199
20180718,8540,8540,8360,8430,1336,0.0,0.0,-116,20862,10.84,2.93,-80.66,200,264,1245,-1022,-199
20180719,8430,8430,8240,8430,10234,0.0,0.0,-116,20862,10.84,2.93,-80.66,200,264,1245,-1022,-199
20180720,8430,8430,8250,8390,4898,0.0,0.0,-116,20862,10.84,2.93,-80.66,200,264,1245,-1022,-199
20180723,8350,8490,8260,8400,2872,0.0,0.0,-116,20862,10.84,2.93,-80.66,200,264,1245,-1022,-199
20180724,8250,8390,8220,8350,1860,0.0,0.0,-116,20862,10.84,2.93,-80.66,200,264,1245,-1022,-199
20180725,8350,8350,8090,8280,8610,0.0,0.0,-116,20862,10.84,2.93,-80.66,200,264,1245,-1022,-199
20180726,8190,8290,8190,8280,1727,0.0,0.0,-116,20862,10.84,2.93,-80.66,200,264,1245,-1022,-199
20180727,8280,8290,8150,8290,2899,0.0,0.0,-116,20862,10.84,2.93,-80.66,200,264,1245,-1022,-199
20180730,8400,8540,8210,8400,2786,0.0,0.0,-116,20862,10.84,2.93,-80.66,200,264,1245,-1022,-199
20180731,8400,8440,8240,8440,2758,0.0,0.0,-116,20862,10.84,2.93,-80.66,200,264,1245,-1022,-199
20180801,8500,8500,8280,8470,4863,0.0,0.0,-116,20862,10.84,2.93,-80.66,200,264,1245,-1022,-199
20180802,8480,8510,8380,8460,2761,0.0,0.0,-116,20862,10.84,2.93,-80.66,200,264,1245,-1022,-199
20180803,8480,8500,8470,8500,1498,0.0,0.0,-116,20862,10.84,2.93,-80.66,200,264,1245,-1022,-199
20180806,8500,8520,8120,8490,2680,0.0,0.0,-116,20862,10.84,2.93,-80.66,200,264,1245,-1022,-199
20180807,8470,8540,8340,8460,2055,0.0,0.0,-116,20862,10.84,2.93,-80.66,200,264,1245,-1022,-199
20180808,8500,8500,8300,8490,1682,0.0,0.0,-116,20862,10.84,2.93,-80.66,200,264,1245,-1022,-199
20180809,8510,8510,8400,8470,1991,0.0,0.0,-116,20862,10.84,2.93,-80.66,200,264,1245,-1022,-199
20180810,8510,8520,8440,8470,1775,0.0,0.0,-116,20862,10.84,2.93,-80.66,200,264,1245,-1022,-199
20180813,8320,8460,8320,8320,1540,0.0,0.0,-116,20862,10.84,2.93,-80.66,200,264,1245,-1022,-199
20180814,8320,8470,8260,8300,2186,0.0,0.0,-116,20862,10.84,2.93,-80.66,200,264,1245,-1022,-199
20180816,8210,8210,7980,8050,18074,0.0,0.0,-116,20862,10.84,2.93,-80.66,200,264,1245,-1022,-199
20180817,8000,8080,7940,8000,6941,0.0,0.0,-116,20862,10.84,2.93,-80.66,200,264,1245,-1022,-199
20180820,8000,8010,7920,7990,3891,0.0,0.0,-116,20862,10.84,2.93,-80.66,200,264,1245,-1022,-199
20180821,8030,8030,7940,8030,3129,0.0,0.0,-116,20862,10.84,2.93,-80.66,200,264,1245,-1022,-199
20180822,8070,8100,8010,8070,2271,0.0,0.0,-116,20862,10.84,2.93,-80.66,200,264,1245,-1022,-199
20180823,8100,8110,7950,8080,18748,0.0,0.0,-116,20862,10.84,2.93,-80.66,200,264,1245,-1022,-199
20180824,8080,8130,7950,8090,2307,0.0,0.0,-116,20862,10.84,2.93,-80.66,200,264,1245,-1022,-199
20180827,8120,8140,7910,8030,3541,0.0,0.0,-116,20862,10.84,2.93,-80.66,200,264,1245,-1022,-199
20180828,8080,8080,7950,8000,7273,0.0,0.0,-116,20862,10.84,2.93,-80.66,200,264,1245,-1022,-199
20180829,8050,8050,7860,7860,28144,0.0,0.0,-116,20862,10.84,2.93,-80.66,200,264,1245,-1022,-199
20180830,7890,8040,7860,7990,16506,0.0,0.0,-116,20862,10.84,2.93,-80.66,200,264,1245,-1022,-199
20180831,7990,8020,7940,8000,2631,0.0,0.0,-116,20862,10.84,2.93,-80.66,200,264,1245,-1022,-199
20180903,8000,8000,7850,7990,8293,0.0,0.0,-116,20862,10.84,2.93,-80.66,200,264,1245,-1022,-199
20180904,7950,7990,7890,7970,3254,0.0,0.0,-116,20862,10.84,2.93,-80.66,200,264,1245,-1022,-199
20180905,7970,7980,7890,7970,3923,0.0,0.0,-116,20862,10.84,2.93,-80.66,200,264,1245,-1022,-199
20180906,7890,7990,7880,7920,4353,0.0,0.0,-116,20862,10.84,2.93,-80.66,200,264,1245,-1022,-199
20180907,7850,7990,7850,7940,3524,0.0,0.0,-116,20862,10.84,2.93,-80.66,200,264,1245,-1022,-199
20180910,7890,7980,7800,7910,51637,0.0,0.0,-116,20862,10.84,2.93,-80.66,200,264,1245,-1022,-199
20180911,7920,7930,7840,7930,4570,0.0,0.0,-116,20862,10.84,2.93,-80.66,200,264,1245,-1022,-199
20180912,7990,7990,7890,7930,4287,0.0,0.0,-116,20862,10.84,2.93,-80.66,200,264,1245,-1022,-199
20180913,8030,8030,7880,7950,4961,0.0,0.0,-116,20862,10.84,2.93,-80.66,200,264,1245,-1022,-199
20180914,7960,8050,7930,8000,7505,0.0,0.0,-116,20862,10.84,2.93,-80.66,200,264,1245,-1022,-199
20180917,8030,8030,7930,8000,3073,0.0,0.0,-116,20862,10.84,2.93,-80.66,200,264,1245,-1022,-199
20180918,8030,8040,7950,8000,4254,0.0,0.0,-116,20862,10.84,2.93,-80.66,200,264,1245,-1022,-199
20180919,8160,8160,7930,7930,3338,0.0,0.0,-116,20862,10.84,2.93,-80.66,200,264,1245,-1022,-199
20180920,8000,8000,7780,7880,14199,0.0,0.0,-116,20862,10.84,2.93,-80.66,200,264,1245,-1022,-199
20180921,7900,7900,7820,7880,3725,0.0,0.0,-116,20862,10.84,2.93,-80.66,200,264,1245,-1022,-199
20180927,7810,7980,7810,7970,9238,0.0,0.0,-116,20862,10.84,2.93,-80.66,200,264,1245,-1022,-199
20180928,7910,8000,7910,8000,6376,0.0,0.0,-116,20862,10.84,2.93,-80.66,200,264,1245,-1022,-199
20181001,8000,8120,8000,8120,9688,0.0,0.0,-116,20862,10.84,2.93,-80.66,200,264,1245,-1022,-199
20181002,8120,8150,8000,8070,15344,0.0,0.0,-116,20862,10.84,2.93,-80.66,200,264,1245,-1022,-199
20181004,8140,8140,7850,7850,20059,0.0,0.0,-116,20862,10.84,2.93,-80.66,200,264,1245,-1022,-199
20181005,7850,7920,7710,7880,12453,0.0,0.0,-116,20862,10.84,2.93,-80.66,200,264,1245,-1022,-199
20181008,7800,7910,7760,7880,4234,0.0,0.0,-116,20862,10.84,2.93,-80.66,200,264,1245,-1022,-199
20181010,7800,7850,7720,7750,3309,0.0,0.0,-116,20862,10.84,2.93,-80.66,200,264,1245,-1022,-199
20181011,7600,7750,7360,7490,16768,0.0,0.0,-116,20862,10.84,2.93,-80.66,200,264,1245,-1022,-199
20181012,7400,7620,7400,7600,4163,0.0,0.0,-116,20862,10.84,2.93,-80.66,200,264,1245,-1022,-199
20181015,7600,7600,7400,7500,1910,0.0,0.0,-116,20862,10.84,2.93,-80.66,200,264,1245,-1022,-199
20181016,7500,7590,7400,7470,1868,0.0,0.0,-116,20862,10.84,2.93,-80.66,200,264,1245,-1022,-199
20181017,7550,7670,7480,7610,5777,0.0,0.0,-116,20862,10.84,2.93,-80.66,200,264,1245,-1022,-199
20181018,7620,7720,7470,7600,1358,0.0,0.0,-116,20862,10.84,2.93,-80.66,200,264,1245,-1022,-199
20181019,7580,7600,7400,7500,5130,0.0,0.0,-116,20862,10.84,2.93,-80.66,200,264,1245,-1022,-199
20181022,7510,7510,7450,7500,1130,0.0,0.0,-116,20862,10.84,2.93,-80.66,200,264,1245,-1022,-199
20181023,7500,7500,7300,7430,3573,0.0,0.0,-116,20862,10.84,2.93,-80.66,200,264,1245,-1022,-199
20181024,7430,7500,7300,7300,1558,0.0,0.0,-116,20862,10.84,2.93,-80.66,200,264,1245,-1022,-199
20181025,7450,7450,7100,7200,6189,0.0,0.0,-116,20862,10.84,2.93,-80.66,200,264,1245,-1022,-199
20181026,7250,7250,6940,6980,6849,0.0,0.0,-116,20862,10.84,2.93,-80.66,200,264,1245,-1022,-199
20181029,6980,7050,6550,6560,14181,0.0,0.0,-116,20862,10.84,2.93,-80.66,200,264,1245,-1022,-199
20181030,6590,6600,6400,6460,11257,0.0,0.0,-116,20862,10.84,2.93,-80.66,200,264,1245,-1022,-199
20181031,6520,6600,6460,6550,9898,0.0,0.0,-116,20862,10.84,2.93,-80.66,200,264,1245,-1022,-199
20181101,6530,6710,6530,6560,2397,0.0,0.0,-116,20862,10.84,2.93,-80.66,200,264,1245,-1022,-199
20181102,6530,6730,6530,6670,9842,0.0,0.0,-116,20862,10.84,2.93,-80.66,200,264,1245,-1022,-199
20181105,6670,6670,6480,6560,4835,0.0,0.0,-116,20862,10.84,2.93,-80.66,200,264,1245,-1022,-199
20181106,6520,6670,6520,6590,4848,0.0,0.0,-116,20862,10.84,2.93,-80.66,200,264,1245,-1022,-199
20181107,6590,6700,6570,6600,11520,0.0,0.0,-116,20862,10.84,2.93,-80.66,200,264,1245,-1022,-199
20181108,6630,6870,6590,6850,15603,0.0,0.0,-116,20862,10.84,2.93,-80.66,200,264,1245,-1022,-199
20181109,6860,6860,6570,6640,10958,0.0,0.0,-116,20862,10.84,2.93,-80.66,200,264,1245,-1022,-199
20181112,6570,6810,6560,6640,8173,0.0,0.0,-116,20862,10.84,2.93,-80.66,200,264,1245,-1022,-199
20181113,6610,6670,6540,6570,1476,0.0,0.0,-116,20862,10.84,2.93,-80.66,200,264,1245,-1022,-199
20181114,6660,6660,6460,6600,6373,0.0,0.0,-116,20862,10.84,2.93,-80.66,200,264,1245,-1022,-199
20181115,6600,6620,6500,6540,20921,0.0,0.0,-116,20862,10.84,2.93,-80.66,200,264,1245,-1022,-199
20181116,6680,6760,6600,6720,14626,0.0,0.0,-116,20862,10.84,2.93,-80.66,200,264,1245,-1022,-199
20181119,6750,6850,6670,6750,8379,0.0,0.0,-116,20862,10.84,2.93,-80.66,200,264,1245,-1022,-199
20181120,6760,6850,6700,6730,4063,0.0,0.0,-116,20862,10.84,2.93,-80.66,200,264,1245,-1022,-199
20181121,6710,6790,6610,6770,5598,0.0,0.0,-116,20862,10.84,2.93,-80.66,200,264,1245,-1022,-199
20181122,6770,7140,6760,7140,14970,0.0,0.0,-116,20862,10.84,2.93,-80.66,200,264,1245,-1022,-199
20181123,7030,7250,7030,7220,11259,0.0,0.0,-116,20862,10.84,2.93,-80.66,200,264,1245,-1022,-199
20181126,7080,7270,7080,7260,1683,0.0,0.0,-116,20862,10.84,2.93,-80.66,200,264,1245,-1022,-199
20181127,7200,7300,7200,7230,1610,0.0,0.0,-116,20862,10.84,2.93,-80.66,200,264,1245,-1022,-199
20181128,7130,7340,7130,7220,1900,0.0,0.0,-116,20862,10.84,2.93,-80.66,200,264,1245,-1022,-199
20181129,7260,7320,7100,7220,3303,0.0,0.0,-116,20862,10.84,2.93,-80.66,200,264,1245,-1022,-199
20181130,7220,7230,7070,7230,4209,0.0,0.0,-116,20862,10.84,2.93,-80.66,200,264,1245,-1022,-199
20181203,7230,7240,7060,7210,6862,0.0,0.0,-116,20862,10.84,2.93,-80.66,200,264,1245,-1022,-199
20181204,7220,7250,7170,7190,2829,0.0,0.0,-116,20862,10.84,2.93,-80.66,200,264,1245,-1022,-199
20181205,7150,7230,7090,7130,4403,0.0,0.0,-116,20862,10.84,2.93,-80.66,200,264,1245,-1022,-199
20181206,7150,7190,6990,7060,2596,0.0,0.0,-116,20862,10.84,2.93,-80.66,200,264,1245,-1022,-199
20181207,7060,7180,6990,7020,1159,0.0,0.0,-116,20862,10.84,2.93,-80.66,200,264,1245,-1022,-199
20181210,6840,7000,6840,6920,4048,0.0,0.0,-116,20862,10.84,2.93,-80.66,200,264,1245,-1022,-199
20181211,6990,6990,6850,6940,6714,0.0,0.0,-116,20862,10.84,2.93,-80.66,200,264,1245,-1022,-199
20181212,7000,7020,6900,7020,10933,0.0,0.0,-116,20862,10.84,2.93,-80.66,200,264,1245,-1022,-199
20181213,7030,7040,6910,7030,12501,0.0,0.0,-116,20862,10.84,2.93,-80.66,200,264,1245,-1022,-199
20181214,7030,7170,6910,6930,22241,0.0,0.0,-116,20862,10.84,2.93,-80.66,200,264,1245,-1022,-199
20181217,6990,7050,6980,7030,1745,0.0,0.0,-116,20862,10.84,2.93,-80.66,200,264,1245,-1022,-199
20181218,7150,7150,6990,7030,2093,0.0,0.0,-116,20862,10.84,2.93,-80.66,200,264,1245,-1022,-199
20181219,7030,7080,7000,7050,1306,0.0,0.0,-116,20862,10.84,2.93,-80.66,200,264,1245,-1022,-199
20181220,7050,7120,6950,7010,1231,0.0,0.0,-116,20862,10.84,2.93,-80.66,200,264,1245,-1022,-199
20181221,7010,7030,6950,7000,2190,0.0,0.0,-116,20862,10.84,2.93,-80.66,200,264,1245,-1022,-199
20181224,7040,7100,6950,7100,1345,0.0,0.0,-116,20862,10.84,2.93,-80.66,200,264,1245,-1022,-199
20181226,7010,7070,6810,6920,2078,0.0,0.0,-116,20862,10.84,2.93,-80.66,200,264,1245,-1022,-199
20181227,6920,6980,6840,6940,1740,0.0,0.0,-116,20862,10.84,2.93,-80.66,200,264,1245,-1022,-199
20181228,6940,7010,6940,7010,1369,0.0,0.0,-116,20862,10.84,2.93,-80.66,200,264,1245,-1022,-199
20190102,7010,7200,6910,7030,3753,0.0,0.0,-920,18776,13.77,4.01,-44.34,350,290,135,-614,-974
20190103,6950,7020,6920,7020,1240,0.0,0.0,-920,18776,13.77,4.01,-44.34,350,290,135,-614,-974
20190104,7010,7020,6890,7020,9233,0.0,0.0,-920,18776,13.77,4.01,-44.34,350,290,135,-614,-974
20190107,7030,7400,6900,7390,15832,0.0,0.0,-920,18776,13.77,4.01,-44.34,350,290,135,-614,-974
20190108,7370,7690,7370,7680,15099,0.0,0.0,-920,18776,13.77,4.01,-44.34,350,290,135,-614,-974
20190109,7560,7840,7560,7790,12890,0.0,0.0,-920,18776,13.77,4.01,-44.34,350,290,135,-614,-974
20190110,7690,7760,7640,7690,6056,0.0,0.0,-920,18776,13.77,4.01,-44.34,350,290,135,-614,-974
20190111,7670,7840,7610,7840,3314,0.0,0.0,-920,18776,13.77,4.01,-44.34,350,290,135,-614,-974
20190114,7840,7900,7660,7660,3694,0.0,0.0,-920,18776,13.77,4.01,-44.34,350,290,135,-614,-974
20190115,7670,7970,7660,7830,2960,0.0,0.0,-920,18776,13.77,4.01,-44.34,350,290,135,-614,-974
20190116,7830,7890,7720,7860,12574,0.0,0.0,-920,18776,13.77,4.01,-44.34,350,290,135,-614,-974
20190117,7850,7870,7750,7840,4271,0.0,0.0,-920,18776,13.77,4.01,-44.34,350,290,135,-614,-974
20190118,7860,7950,7850,7950,5546,0.0,0.0,-920,18776,13.77,4.01,-44.34,350,290,135,-614,-974
20190121,7950,7970,7820,7910,6999,0.0,0.0,-920,18776,13.77,4.01,-44.34,350,290,135,-614,-974
20190122,7910,7940,7870,7920,6492,0.0,0.0,-920,18776,13.77,4.01,-44.34,350,290,135,-614,-974
20190123,7920,7940,7820,7940,5104,0.0,0.0,-920,18776,13.77,4.01,-44.34,350,290,135,-614,-974
20190124,7920,7940,7690,7890,12343,0.0,0.0,-920,18776,13.77,4.01,-44.34,350,290,135,-614,-974
20190125,7810,7810,7690,7780,13846,0.0,0.0,-920,18776,13.77,4.01,-44.34,350,290,135,-614,-974
20190128,7730,7840,7720,7810,2709,0.0,0.0,-920,18776,13.77,4.01,-44.34,350,290,135,-614,-974
20190129,7840,7850,7700,7810,4700,0.0,0.0,-920,18776,13.77,4.01,-44.34,350,290,135,-614,-974
20190130,7740,7870,7740,7810,4450,0.0,0.0,-920,18776,13.77,4.01,-44.34,350,290,135,-614,-974
20190131,7730,7840,7700,7770,3501,0.0,0.0,-920,18776,13.77,4.01,-44.34,350,290,135,-614,-974
20190201,7800,7800,7680,7700,2662,0.0,0.0,-920,18776,13.77,4.01,-44.34,350,290,135,-614,-974
20190207,7620,7770,7620,7720,4548,0.0,0.0,-920,18776,13.77,4.01,-44.34,350,290,135,-614,-974
20190208,7760,7800,7620,7800,7197,0.0,0.0,-920,18776,13.77,4.01,-44.34,350,290,135,-614,-974
20190211,7790,7830,7700,7820,7450,0.0,0.0,-920,18776,13.77,4.01,-44.34,350,290,135,-614,-974
20190212,7820,7840,7730,7780,4306,0.0,0.0,-920,18776,13.77,4.01,-44.34,350,290,135,-614,-974
20190213,7840,7840,7720,7800,8428,0.0,0.0,-920,18776,13.77,4.01,-44.34,350,290,135,-614,-974
20190214,7800,7820,7710,7820,7814,0.0,0.0,-920,18776,13.77,4.01,-44.34,350,290,135,-614,-974
20190215,7820,7830,7620,7820,7164,0.0,0.0,-920,18776,13.77,4.01,-44.34,350,290,135,-614,-974
20190218,7820,7950,7740,7940,8256,0.0,0.0,-920,18776,13.77,4.01,-44.34,350,290,135,-614,-974
20190219,7920,8000,7870,8000,23288,0.0,0.0,-920,18776,13.77,4.01,-44.34,350,290,135,-614,-974
20190220,7970,8000,7860,7930,10351,0.0,0.0,-920,18776,13.77,4.01,-44.34,350,290,135,-614,-974
20190221,7930,7930,7770,7900,595125,0.0,0.0,-920,18776,13.77,4.01,-44.34,350,290,135,-614,-974
20190222,7900,8010,7870,7990,11783,0.0,0.0,-920,18776,13.77,4.01,-44.34,350,290,135,-614,-974
20190225,7990,8010,7860,7860,6429,0.0,0.0,-920,18776,13.77,4.01,-44.34,350,290,135,-614,-974
20190226,7860,7920,7830,7890,5772,0.0,0.0,-920,18776,13.77,4.01,-44.34,350,290,135,-614,-974
20190227,7890,7920,7850,7920,6614,0.0,0.0,-920,18776,13.77,4.01,-44.34,350,290,135,-614,-974
20190228,7920,7960,7450,7770,8383,0.0,0.0,-920,18776,13.77,4.01,-44.34,350,290,135,-614,-974
20190304,7790,7900,7790,7900,5877,0.0,0.0,-920,18776,13.77,4.01,-44.34,350,290,135,-614,-974
20190305,7930,7980,7800,7930,3249,0.0,0.0,-920,18776,13.77,4.01,-44.34,350,290,135,-614,-974
20190306,7900,7950,7860,7950,6581,0.0,0.0,-920,18776,13.77,4.01,-44.34,350,290,135,-614,-974
20190307,7950,7960,7810,7930,4270,0.0,0.0,-920,18776,13.77,4.01,-44.34,350,290,135,-614,-974
20190308,7920,7920,7760,7870,6947,0.0,0.0,-920,18776,13.77,4.01,-44.34,350,290,135,-614,-974
20190311,7870,7900,7670,7880,5653,0.0,0.0,-920,18776,13.77,4.01,-44.34,350,290,135,-614,-974
20190312,7880,7950,7790,7880,5262,0.0,0.0,-920,18776,13.77,4.01,-44.34,350,290,135,-614,-974
20190313,7900,7950,7780,7930,8781,0.0,0.0,-920,18776,13.77,4.01,-44.34,350,290,135,-614,-974
20190314,7950,8050,7930,8000,17888,0.0,0.0,-920,18776,13.77,4.01,-44.34,350,290,135,-614,-974
20190315,8000,8040,7920,7990,6650,0.0,0.0,-920,18776,13.77,4.01,-44.34,350,290,135,-614,-974
20190318,7910,8010,7910,7970,4354,0.0,0.0,-920,18776,13.77,4.01,-44.34,350,290,135,-614,-974
20190319,7970,7980,7830,7970,3962,0.0,0.0,-920,18776,13.77,4.01,-44.34,350,290,135,-614,-974
20190320,7970,8020,7970,8000,4649,0.0,0.0,-920,18776,13.77,4.01,-44.34,350,290,135,-614,-974
20190321,8000,8020,7940,7960,2775,0.0,0.0,-920,18776,13.77,4.01,-44.34,350,290,135,-614,-974
20190322,7980,8030,7960,8020,3761,0.0,0.0,-920,18776,13.77,4.01,-44.34,350,290,135,-614,-974
20190325,7970,8040,7940,8010,6460,0.0,0.0,-920,18776,13.77,4.01,-44.34,350,290,135,-614,-974
20190326,7940,8100,7940,8060,9922,0.0,0.0,-920,18776,13.77,4.01,-44.34,350,290,135,-614,-974
20190327,8070,8100,8040,8080,14990,0.0,0.0,-920,18776,13.77,4.01,-44.34,350,290,135,-614,-974
20190328,8100,8100,8010,8100,6816,0.0,0.0,-920,18776,13.77,4.01,-44.34,350,290,135,-614,-974
20190329,8100,8110,7980,8100,5207,0.0,0.0,-920,18776,13.77,4.01,-44.34,350,290,135,-614,-974
20190401,8100,8120,8050,8090,5094,0.0,0.0,-920,18776,13.77,4.01,-44.34,350,290,135,-614,-974
20190402,8090,8120,8050,8110,2026,0.0,0.0,-920,18776,13.77,4.01,-44.34,350,290,135,-614,-974
20190403,8050,8110,8050,8110,3061,0.0,0.0,-920,18776,13.77,4.01,-44.34,350,290,135,-614,-974
20190404,8110,8150,8050,8150,8320,0.0,0.0,-920,18776,13.77,4.01,-44.34,350,290,135,-614,-974
20190405,8150,8170,8090,8160,2974,0.0,0.0,-920,18776,13.77,4.01,-44.34,350,290,135,-614,-974
20190408,8160,8180,8150,8180,3401,0.0,0.0,-920,18776,13.77,4.01,-44.34,350,290,135,-614,-974
20190409,8180,8190,8020,8140,7611,0.0,0.0,-920,18776,13.77,4.01,-44.34,350,290,135,-614,-974
20190410,8140,8180,8140,8170,5767,0.0,0.0,-920,18776,13.77,4.01,-44.34,350,290,135,-614,-974
20190411,8170,8180,8140,8160,6848,0.0,0.0,-920,18776,13.77,4.01,-44.34,350,290,135,-614,-974
20190412,8190,8190,8140,8160,5613,0.0,0.0,-920,18776,13.77,4.01,-44.34,350,290,135,-614,-974
20190415,8180,8200,8160,8160,6174,0.0,0.0,-920,18776,13.77,4.01,-44.34,350,290,135,-614,-974
20190416,8180,8200,7930,8180,7705,0.0,0.0,-920,18776,13.77,4.01,-44.34,350,290,135,-614,-974
20190417,8160,8180,8100,8180,6107,0.0,0.0,-920,18776,13.77,4.01,-44.34,350,290,135,-614,-974
20190418,8180,8230,8090,8130,7335,0.0,0.0,-920,18776,13.77,4.01,-44.34,350,290,135,-614,-974
20190419,8130,8460,8130,8380,19248,0.0,0.0,-920,18776,13.77,4.01,-44.34,350,290,135,-614,-974
20190422,8380,8890,8360,8810,40368,0.0,0.0,-920,18776,13.77,4.01,-44.34,350,290,135,-614,-974
20190423,8880,8900,8660,8770,12917,0.0,0.0,-920,18776,13.77,4.01,-44.34,350,290,135,-614,-974
20190424,8700,10650,8660,9300,717601,0.0,0.0,-920,18776,13.77,4.01,-44.34,350,290,135,-614,-974
20190425,9550,9600,9030,9030,106177,0.0,0.0,-920,18776,13.77,4.01,-44.34,350,290,135,-614,-974
20190426,9030,9470,8990,9040,70283,0.0,0.0,-920,18776,13.77,4.01,-44.34,350,290,135,-614,-974
20190429,9040,9290,8970,9090,23251,0.0,0.0,-920,18776,13.77,4.01,-44.34,350,290,135,-614,-974
20190430,9140,9290,8990,9190,20670,0.0,0.0,-920,18776,13.77,4.01,-44.34,350,290,135,-614,-974
20190502,9280,9300,9120,9190,10398,0.0,0.0,-920,18776,13.77,4.01,-44.34,350,290,135,-614,-974
20190503,9190,9190,9060,9140,13126,0.0,0.0,-920,18776,13.77,4.01,-44.34,350,290,135,-614,-974
20190507,9120,9140,9050,9060,8419,0.0,0.0,-920,18776,13.77,4.01,-44.34,350,290,135,-614,-974
20190508,9050,9050,8790,9010,37946,0.0,0.0,-920,18776,13.77,4.01,-44.34,350,290,135,-614,-974
20190509,8930,9050,8870,9030,10824,0.0,0.0,-920,18776,13.77,4.01,-44.34,350,290,135,-614,-974
20190510,9030,9220,8940,9130,7317,0.0,0.0,-920,18776,13.77,4.01,-44.34,350,290,135,-614,-974
20190513,9030,9290,9030,9230,16635,0.0,0.0,-920,18776,13.77,4.01,-44.34,350,290,135,-614,-974
20190514,9100,9290,9010,9280,20185,0.0,0.0,-920,18776,13.77,4.01,-44.34,350,290,135,-614,-974
20190515,9330,9490,9250,9490,20876,0.0,0.0,-920,18776,13.77,4.01,-44.34,350,290,135,-614,-974
20190516,9400,9500,9380,9470,23048,0.0,0.0,-920,18776,13.77,4.01,-44.34,350,290,135,-614,-974
20190517,9520,9520,9300,9300,7489,0.0,0.0,-920,18776,13.77,4.01,-44.34,350,290,135,-614,-974
20190520,9390,9600,9160,9540,23601,0.0,0.0,-920,18776,13.77,4.01,-44.34,350,290,135,-614,-974
20190521,9600,9600,9370,9370,12399,0.0,0.0,-920,18776,13.77,4.01,-44.34,350,290,135,-614,-974
20190522,9370,9390,9130,9140,9073,0.0,0.0,-920,18776,13.77,4.01,-44.34,350,290,135,-614,-974
20190523,9150,9210,9100,9200,10741,0.0,0.0,-920,18776,13.77,4.01,-44.34,350,290,135,-614,-974
20190524,9200,9220,8890,9090,39609,0.0,0.0,-920,18776,13.77,4.01,-44.34,350,290,135,-614,-974
20190527,9210,9210,9080,9140,3477,0.0,0.0,-920,18776,13.77,4.01,-44.34,350,290,135,-614,-974
20190528,9020,9220,8880,8880,7803,0.0,0.0,-920,18776,13.77,4.01,-44.34,350,290,135,-614,-974
20190529,9140,9140,8860,8880,6751,0.0,0.0,-920,18776,13.77,4.01,-44.34,350,290,135,-614,-974
20190530,8990,8990,8830,8950,3663,0.0,0.0,-920,18776,13.77,4.01,-44.34,350,290,135,-614,-974
20190531,8950,9040,8840,8920,6610,0.0,0.0,-920,18776,13.77,4.01,-44.34,350,290,135,-614,-974
20190603,8860,9100,8860,8940,14935,0.0,0.0,-920,18776,13.77,4.01,-44.34,350,290,135,-614,-974
20190604,9000,9090,8940,9040,6495,0.0,0.0,-920,18776,13.77,4.01,-44.34,350,290,135,-614,-974
20190605,9020,9300,9020,9240,8576,0.0,0.0,-920,18776,13.77,4.01,-44.34,350,290,135,-614,-974
20190607,9310,9400,9200,9300,9961,0.0,0.0,-920,18776,13.77,4.01,-44.34,350,290,135,-614,-974
20190610,9300,9380,9240,9320,4843,0.0,0.0,-920,18776,13.77,4.01,-44.34,350,290,135,-614,-974
20190611,9210,9310,9210,9300,10265,0.0,0.0,-920,18776,13.77,4.01,-44.34,350,290,135,-614,-974
20190612,9360,9360,9270,9330,7008,0.0,0.0,-920,18776,13.77,4.01,-44.34,350,290,135,-614,-974
20190613,9310,9480,9270,9460,7149,0.0,0.0,-920,18776,13.77,4.01,-44.34,350,290,135,-614,-974
20190614,9460,9490,9350,9410,5218,0.0,0.0,-920,18776,13.77,4.01,-44.34,350,290,135,-614,-974
20190617,9500,9500,9300,9420,17863,0.0,0.0,-920,18776,13.77,4.01,-44.34,350,290,135,-614,-974
20190618,9160,9430,9160,9260,37679,0.0,0.0,-920,18776,13.77,4.01,-44.34,350,290,135,-614,-974
20190619,9340,9550,9310,9540,33657,0.0,0.0,-920,18776,13.77,4.01,-44.34,350,290,135,-614,-974
20190620,9550,9580,9390,9460,17311,0.0,0.0,-920,18776,13.77,4.01,-44.34,350,290,135,-614,-974
20190621,9420,9450,9310,9310,7735,0.0,0.0,-920,18776,13.77,4.01,-44.34,350,290,135,-614,-974
20190624,9310,9420,9150,9160,5125,0.0,0.0,-920,18776,13.77,4.01,-44.34,350,290,135,-614,-974
20190625,9200,9250,9100,9250,4840,0.0,0.0,-920,18776,13.77,4.01,-44.34,350,290,135,-614,-974
20190626,9200,9240,9070,9240,9423,0.0,0.0,-920,18776,13.77,4.01,-44.34,350,290,135,-614,-974
20190627,9260,9260,9100,9130,8267,0.0,0.0,-920,18776,13.77,4.01,-44.34,350,290,135,-614,-974
20190628,9130,9180,9030,9080,5291,0.0,0.0,-920,18776,13.77,4.01,-44.34,350,290,135,-614,-974
20190701,9060,9190,8910,9000,7661,0.0,0.0,-920,18776,13.77,4.01,-44.34,350,290,135,-614,-974
20190702,9000,9160,8910,9130,10819,0.0,0.0,-920,18776,13.77,4.01,-44.34,350,290,135,-614,-974
20190703,9160,9410,9150,9290,20054,0.0,0.0,-920,18776,13.77,4.01,-44.34,350,290,135,-614,-974
20190704,9290,9330,9100,9220,6334,0.0,0.0,-920,18776,13.77,4.01,-44.34,350,290,135,-614,-974
20190705,9220,11300,9110,9820,1929913,0.0,0.0,-920,18776,13.77,4.01,-44.34,350,290,135,-614,-974
20190708,10350,11700,10050,11000,2754189,0.0,0.0,-920,18776,13.77,4.01,-44.34,350,290,135,-614,-974
20190709,10750,11800,10450,10550,1707399,0.0,0.0,-920,18776,13.77,4.01,-44.34,350,290,135,-614,-974
20190710,10800,10900,9880,10100,618220,0.0,0.0,-920,18776,13.77,4.01,-44.34,350,290,135,-614,-974
20190711,10300,10550,9920,9920,359097,0.0,0.0,-920,18776,13.77,4.01,-44.34,350,290,135,-614,-974
20190712,10250,10300,9830,10050,272909,0.0,0.0,-920,18776,13.77,4.01,-44.34,350,290,135,-614,-974
20190715,10100,10500,9990,10150,312311,0.0,0.0,-920,18776,13.77,4.01,-44.34,350,290,135,-614,-974
20190716,10250,10300,9710,9880,206308,0.0,0.0,-920,18776,13.77,4.01,-44.34,350,290,135,-614,-974
20190717,10000,10450,9780,10000,214267,0.0,0.0,-920,18776,13.77,4.01,-44.34,350,290,135,-614,-974
20190718,10100,10100,9590,9770,226681,0.0,0.0,-920,18776,13.77,4.01,-44.34,350,290,135,-614,-974
20190719,9850,9980,9650,9720,89070,0.0,0.0,-920,18776,13.77,4.01,-44.34,350,290,135,-614,-974
20190722,9720,9940,9680,9930,60619,0.0,0.0,-920,18776,13.77,4.01,-44.34,350,290,135,-614,-974
20190723,10000,10000,9670,9690,63031,0.0,0.0,-920,18776,13.77,4.01,-44.34,350,290,135,-614,-974
20190724,9690,9760,9420,9420,54876,0.0,0.0,-920,18776,13.77,4.01,-44.34,350,290,135,-614,-974
20190725,9440,9780,9360,9510,129586,0.0,0.0,-920,18776,13.77,4.01,-44.34,350,290,135,-614,-974
20190726,9640,9640,9260,9260,81024,0.0,0.0,-920,18776,13.77,4.01,-44.34,350,290,135,-614,-974
20190729,9310,12000,9260,12000,6291621,0.0,0.0,-920,18776,13.77,4.01,-44.34,350,290,135,-614,-974
20190730,12350,14150,12000,12050,7616938,0.0,0.0,-920,18776,13.77,4.01,-44.34,350,290,135,-614,-974
20190731,12150,12300,10450,10650,2326322,0.0,0.0,-920,18776,13.77,4.01,-44.34,350,290,135,-614,-974
20190801,10650,11100,9820,9950,1521007,0.0,0.0,-920,18776,13.77,4.01,-44.34,350,290,135,-614,-974
20190802,10400,10850,9970,10400,2206395,0.0,0.0,-920,18776,13.77,4.01,-44.34,350,290,135,-614,-974
20190805,10900,12900,10450,12200,5418072,0.0,0.0,-920,18776,13.77,4.01,-44.34,350,290,135,-614,-974
20190806,11600,13450,11500,12350,3341082,0.0,0.0,-920,18776,13.77,4.01,-44.34,350,290,135,-614,-974
20190807,12850,12900,11250,11550,1821572,0.0,0.0,-920,18776,13.77,4.01,-44.34,350,290,135,-614,-974
20190808,11300,11300,10450,10950,1110817,0.0,0.0,-920,18776,13.77,4.01,-44.34,350,290,135,-614,-974
20190809,11100,11100,10650,10850,528349,0.0,0.0,-920,18776,13.77,4.01,-44.34,350,290,135,-614,-974
20190812,10800,11050,10600,10950,446997,0.0,0.0,-920,18776,13.77,4.01,-44.34,350,290,135,-614,-974
20190813,10950,10950,10450,10550,330275,0.0,0.0,-920,18776,13.77,4.01,-44.34,350,290,135,-614,-974
20190814,10600,10950,10250,10550,518204,0.0,0.0,-920,18776,13.77,4.01,-44.34,350,290,135,-614,-974
20190816,10450,10850,10000,10100,479539,0.0,0.0,-920,18776,13.77,4.01,-44.34,350,290,135,-614,-974
20190819,10250,10250,10000,10150,182287,0.0,0.0,-920,18776,13.77,4.01,-44.34,350,290,135,-614,-974
20190820,10100,10250,10000,10100,155769,0.0,0.0,-920,18776,13.77,4.01,-44.34,350,290,135,-614,-974
20190821,10100,10400,10000,10300,286731,0.0,0.0,-920,18776,13.77,4.01,-44.34,350,290,135,-614,-974
20190822,10400,10500,10150,10300,156236,0.0,0.0,-920,18776,13.77,4.01,-44.34,350,290,135,-614,-974
20190823,10900,11850,10600,10600,3286611,0.0,0.0,-920,18776,13.77,4.01,-44.34,350,290,135,-614,-974
20190826,10600,10900,10200,10300,513641,0.0,0.0,-920,18776,13.77,4.01,-44.34,350,290,135,-614,-974
20190827,10350,10550,10250,10500,267858,0.0,0.0,-920,18776,13.77,4.01,-44.34,350,290,135,-614,-974
20190828,10550,10550,10200,10250,261394,0.0,0.0,-920,18776,13.77,4.01,-44.34,350,290,135,-614,-974
20190829,10250,10400,9920,10200,348947,0.0,0.0,-920,18776,13.77,4.01,-44.34,350,290,135,-614,-974
20190830,10200,10350,10150,10350,150116,0.0,0.0,-920,18776,13.77,4.01,-44.34,350,290,135,-614,-974
20190902,10450,10800,10300,10800,287185,0.0,0.0,-920,18776,13.77,4.01,-44.34,350,290,135,-614,-974
20190903,10850,11100,10700,11100,273276,0.0,0.0,-920,18776,13.77,4.01,-44.34,350,290,135,-614,-974
20190904,11100,11450,11050,11200,310404,0.0,0.0,-920,18776,13.77,4.01,-44.34,350,290,135,-614,-974
20190905,11350,11350,10950,11150,203419,0.0,0.0,-920,18776,13.77,4.01,-44.34,350,290,135,-614,-974
20190906,11050,11200,10950,11050,96613,0.0,0.0,-920,18776,13.77,4.01,-44.34,350,290,135,-614,-974
20190909,11000,11500,11000,11150,230172,0.0,0.0,-920,18776,13.77,4.01,-44.34,350,290,135,-614,-974
20190910,11100,11200,11000,11100,88792,0.0,0.0,-920,18776,13.77,4.01,-44.34,350,290,135,-614,-974
20190911,11150,11500,11100,11200,114662,0.0,0.0,-920,18776,13.77,4.01,-44.34,350,290,135,-614,-974
20190916,11350,11500,11300,11400,110341,0.0,0.0,-920,18776,13.77,4.01,-44.34,350,290,135,-614,-974
20190917,11500,11500,11100,11200,100200,0.0,0.0,-920,18776,13.77,4.01,-44.34,350,290,135,-614,-974
20190918,11100,11500,11100,11450,146785,0.0,0.0,-920,18776,13.77,4.01,-44.34,350,290,135,-614,-974
20190919,11350,11550,11350,11550,73806,0.0,0.0,-920,18776,13.77,4.01,-44.34,350,290,135,-614,-974
20190920,11700,11700,11250,11450,80021,0.0,0.0,-920,18776,13.77,4.01,-44.34,350,290,135,-614,-974
20190923,11350,11400,11200,11250,51308,0.0,0.0,-920,18776,13.77,4.01,-44.34,350,290,135,-614,-974
20190924,11100,11300,11100,11250,50653,0.0,0.0,-920,18776,13.77,4.01,-44.34,350,290,135,-614,-974
20190925,11300,11450,11050,11050,67281,0.0,0.0,-920,18776,13.77,4.01,-44.34,350,290,135,-614,-974
20190926,11150,11450,11100,11150,75520,0.0,0.0,-920,18776,13.77,4.01,-44.34,350,290,135,-614,-974
20190927,11100,11300,10950,11100,59167,0.0,0.0,-920,18776,13.77,4.01,-44.34,350,290,135,-614,-974
20190930,11100,11250,10800,11200,84337,0.0,0.0,-920,18776,13.77,4.01,-44.34,350,290,135,-614,-974
20191001,11300,11350,11000,11150,60217,0.0,0.0,-920,18776,13.77,4.01,-44.34,350,290,135,-614,-974
20191002,11050,11500,11050,11250,96797,0.0,0.0,-920,18776,13.77,4.01,-44.34,350,290,135,-614,-974
20191004,11100,11350,11050,11050,64869,0.0,0.0,-920,18776,13.77,4.01,-44.34,350,290,135,-614,-974
20191007,11050,11150,10000,10550,113261,0.0,0.0,-920,18776,13.77,4.01,-44.34,350,290,135,-614,-974
20191008,10550,10850,10350,10800,71174,0.0,0.0,-920,18776,13.77,4.01,-44.34,350,290,135,-614,-974
20191010,10800,10900,10700,10900,34278,0.0,0.0,-920,18776,13.77,4.01,-44.34,350,290,135,-614,-974
20191011,10950,11150,10700,10900,63358,0.0,0.0,-920,18776,13.77,4.01,-44.34,350,290,135,-614,-974
20191014,10900,11200,10800,10800,59370,0.0,0.0,-920,18776,13.77,4.01,-44.34,350,290,135,-614,-974
20191015,10850,10950,10350,10850,75353,0.0,0.0,-920,18776,13.77,4.01,-44.34,350,290,135,-614,-974
20191016,10700,11050,10700,11000,32403,0.0,0.0,-920,18776,13.77,4.01,-44.34,350,290,135,-614,-974
20191017,10950,11200,10850,10950,57234,0.0,0.0,-920,18776,13.77,4.01,-44.34,350,290,135,-614,-974
20191018,10900,11700,10900,11350,237390,0.0,0.0,-920,18776,13.77,4.01,-44.34,350,290,135,-614,-974
20191021,11350,11800,11250,11650,135718,0.0,0.0,-920,18776,13.77,4.01,-44.34,350,290,135,-614,-974
20191022,11850,12050,11450,11900,199829,0.0,0.0,-920,18776,13.77,4.01,-44.34,350,290,135,-614,-974
20191023,12000,12600,11750,12550,224845,0.0,0.0,-920,18776,13.77,4.01,-44.34,350,290,135,-614,-974
20191024,12500,13100,12350,12800,200098,0.0,0.0,-920,18776,13.77,4.01,-44.34,350,290,135,-614,-974
20191025,12750,13200,12650,13050,89680,0.0,0.0,-920,18776,13.77,4.01,-44.34,350,290,135,-614,-974
20191028,13050,13400,12950,13250,99298,0.0,0.0,-920,18776,13.77,4.01,-44.34,350,290,135,-614,-974
20191029,13400,13450,12900,13100,50347,0.0,0.0,-920,18776,13.77,4.01,-44.34,350,290,135,-614,-974
20191030,13100,13600,12950,13550,111865,0.0,0.0,-920,18776,13.77,4.01,-44.34,350,290,135,-614,-974
20191031,13550,13600,13000,13450,66366,0.0,0.0,-920,18776,13.77,4.01,-44.34,350,290,135,-614,-974
20191101,13700,13900,13450,13850,62650,0.0,0.0,-920,18776,13.77,4.01,-44.34,350,290,135,-614,-974
20191104,13900,14100,13800,14100,52136,0.0,0.0,-920,18776,13.77,4.01,-44.34,350,290,135,-614,-974
20191105,14100,14150,13800,13900,32533,0.0,0.0,-920,18776,13.77,4.01,-44.34,350,290,135,-614,-974
20191106,13800,14300,13800,14150,48806,0.0,0.0,-920,18776,13.77,4.01,-44.34,350,290,135,-614,-974
20191107,13950,14300,13950,14250,31216,0.0,0.0,-920,18776,13.77,4.01,-44.34,350,290,135,-614,-974
20191108,14150,14750,14150,14350,59100,0.0,0.0,-920,18776,13.77,4.01,-44.34,350,290,135,-614,-974
20191111,14300,14650,14200,14400,46265,0.0,0.0,-920,18776,13.77,4.01,-44.34,350,290,135,-614,-974
20191112,14500,14600,14250,14500,48762,0.0,0.0,-920,18776,13.77,4.01,-44.34,350,290,135,-614,-974
20191113,14450,14500,14050,14300,43728,0.0,0.0,-920,18776,13.77,4.01,-44.34,350,290,135,-614,-974
20191114,14150,14350,13900,14100,42527,0.0,0.0,-920,18776,13.77,4.01,-44.34,350,290,135,-614,-974
20191115,14100,14600,13350,14450,107225,0.0,0.0,-920,18776,13.77,4.01,-44.34,350,290,135,-614,-974
20191118,14450,14500,13850,14000,44682,0.0,0.0,-920,18776,13.77,4.01,-44.34,350,290,135,-614,-974
20191119,14450,14500,13950,14400,71140,0.0,0.0,-920,18776,13.77,4.01,-44.34,350,290,135,-614,-974
20191120,14450,14700,14300,14550,74569,0.0,0.0,-920,18776,13.77,4.01,-44.34,350,290,135,-614,-974
20191121,14350,14550,14050,14200,57690,0.0,0.0,-920,18776,13.77,4.01,-44.34,350,290,135,-614,-974
20191122,14050,14200,13750,14000,45363,0.0,0.0,-920,18776,13.77,4.01,-44.34,350,290,135,-614,-974
20191125,14000,14000,13400,13850,62163,0.0,0.0,-920,18776,13.77,4.01,-44.34,350,290,135,-614,-974
20191126,13850,14000,13400,13600,77347,0.0,0.0,-920,18776,13.77,4.01,-44.34,350,290,135,-614,-974
20191127,13700,13750,13100,13350,37078,0.0,0.0,-920,18776,13.77,4.01,-44.34,350,290,135,-614,-974
20191128,13300,13450,12850,13350,73549,0.0,0.0,-920,18776,13.77,4.01,-44.34,350,290,135,-614,-974
20191129,13400,13600,12900,13050,33469,0.0,0.0,-920,18776,13.77,4.01,-44.34,350,290,135,-614,-974
20191202,12900,13150,12650,12850,78667,0.0,0.0,-920,18776,13.77,4.01,-44.34,350,290,135,-614,-974
20191203,12750,13200,12750,12950,45799,0.0,0.0,-920,18776,13.77,4.01,-44.34,350,290,135,-614,-974
20191204,12950,13000,12650,13000,51771,0.0,0.0,-920,18776,13.77,4.01,-44.34,350,290,135,-614,-974
20191205,13050,13150,12700,12700,42005,0.0,0.0,-920,18776,13.77,4.01,-44.34,350,290,135,-614,-974
20191206,12600,12750,12450,12600,44202,0.0,0.0,-920,18776,13.77,4.01,-44.34,350,290,135,-614,-974
20191209,12600,12700,12300,12500,105551,0.0,0.0,-920,18776,13.77,4.01,-44.34,350,290,135,-614,-974
20191210,12450,12500,12200,12300,68311,0.0,0.0,-920,18776,13.77,4.01,-44.34,350,290,135,-614,-974
20191211,12200,12350,12100,12250,63852,0.0,0.0,-920,18776,13.77,4.01,-44.34,350,290,135,-614,-974
20191212,12150,12350,12150,12250,32938,0.0,0.0,-920,18776,13.77,4.01,-44.34,350,290,135,-614,-974
20191213,12250,12400,11900,12350,118781,0.0,0.0,-920,18776,13.77,4.01,-44.34,350,290,135,-614,-974
20191216,12200,12900,12200,12400,33822,0.0,0.0,-920,18776,13.77,4.01,-44.34,350,290,135,-614,-974
20191217,12600,12750,12250,12550,58941,0.0,0.0,-920,18776,13.77,4.01,-44.34,350,290,135,-614,-974
20191218,12500,12950,12500,12900,25614,0.0,0.0,-920,18776,13.77,4.01,-44.34,350,290,135,-614,-974
20191219,12900,13000,12450,12600,43340,0.0,0.0,-920,18776,13.77,4.01,-44.34,350,290,135,-614,-974
20191220,12900,13000,12600,12950,127051,0.0,0.0,-920,18776,13.77,4.01,-44.34,350,290,135,-614,-974
20191223,12800,13200,12700,12850,35419,0.0,0.0,-920,18776,13.77,4.01,-44.34,350,290,135,-614,-974
20191224,12850,13000,12700,12750,21763,0.0,0.0,-920,18776,13.77,4.01,-44.34,350,290,135,-614,-974
20191226,12800,12950,12600,12650,44220,0.0,0.0,-920,18776,13.77,4.01,-44.34,350,290,135,-614,-974
20191227,12650,13200,12550,13100,26574,0.0,0.0,-920,18776,13.77,4.01,-44.34,350,290,135,-614,-974
20191230,13050,13500,13050,13200,29342,0.0,0.0,-920,18776,13.77,4.01,-44.34,350,290,135,-614,-974
20200102,13250,13350,13100,13200,28026,13.08,1.93,2777,21237,12.35,5.0,-47.23,400,268,3657,-1573,-1044
20200103,13100,13400,13050,13300,23144,13.08,1.93,2777,21237,12.35,5.0,-47.23,400,268,3657,-1573,-1044
20200106,13300,13750,13300,13500,57972,13.08,1.93,2777,21237,12.35,5.0,-47.23,400,268,3657,-1573,-1044
20200107,13850,13850,13300,13500,28540,13.08,1.93,2777,21237,12.35,5.0,-47.23,400,268,3657,-1573,-1044
20200108,13500,13600,12850,13450,129855,13.08,1.93,2777,21237,12.35,5.0,-47.23,400,268,3657,-1573,-1044
20200109,13700,13800,13300,13500,17538,13.08,1.93,2777,21237,12.35,5.0,-47.23,400,268,3657,-1573,-1044
20200110,13700,13700,13100,13200,27193,13.08,1.93,2777,21237,12.35,5.0,-47.23,400,268,3657,-1573,-1044
20200113,13250,13400,13050,13150,33656,13.08,1.93,2777,21237,12.35,5.0,-47.23,400,268,3657,-1573,-1044
20200114,13400,13800,13300,13750,50615,13.08,1.93,2777,21237,12.35,5.0,-47.23,400,268,3657,-1573,-1044
20200115,13700,14650,13600,14450,111545,13.08,1.93,2777,21237,12.35,5.0,-47.23,400,268,3657,-1573,-1044
20200116,14500,14750,14150,14400,35862,13.08,1.93,2777,21237,12.35,5.0,-47.23,400,268,3657,-1573,-1044
20200117,14400,14950,14250,14600,78684,13.08,1.93,2777,21237,12.35,5.0,-47.23,400,268,3657,-1573,-1044
20200120,14650,15250,14450,15000,96540,13.08,1.93,2777,21237,12.35,5.0,-47.23,400,268,3657,-1573,-1044
20200121,14750,15400,14750,15300,31051,13.08,1.93,2777,21237,12.35,5.0,-47.23,400,268,3657,-1573,-1044
20200122,15200,15500,15050,15450,24686,13.08,1.93,2777,21237,12.35,5.0,-47.23,400,268,3657,-1573,-1044
20200123,15500,15550,15000,15200,31453,13.08,1.93,2777,21237,12.35,5.0,-47.23,400,268,3657,-1573,-1044
20200128,15000,15000,14150,14500,90585,13.08,1.93,2777,21237,12.35,5.0,-47.23,400,268,3657,-1573,-1044
20200129,15000,15000,14550,14700,23430,13.08,1.93,2777,21237,12.35,5.0,-47.23,400,268,3657,-1573,-1044
20200130,14600,14950,14350,14500,26538,13.08,1.93,2777,21237,12.35,5.0,-47.23,400,268,3657,-1573,-1044
20200131,14450,14650,13900,14150,61848,13.08,1.93,2777,21237,12.35,5.0,-47.23,400,268,3657,-1573,-1044
20200203,13950,14300,13400,14200,87678,13.08,1.93,2777,21237,12.35,5.0,-47.23,400,268,3657,-1573,-1044
20200204,14000,14450,14000,14400,20595,13.08,1.93,2777,21237,12.35,5.0,-47.23,400,268,3657,-1573,-1044
20200205,14550,14600,14200,14350,21359,13.08,1.93,2777,21237,12.35,5.0,-47.23,400,268,3657,-1573,-1044
20200206,14350,14650,13900,14100,29196,13.08,1.93,2777,21237,12.35,5.0,-47.23,400,268,3657,-1573,-1044
20200207,14000,14500,13900,14200,30203,13.08,1.93,2777,21237,12.35,5.0,-47.23,400,268,3657,-1573,-1044
20200210,14200,14300,14050,14250,13720,13.08,1.93,2777,21237,12.35,5.0,-47.23,400,268,3657,-1573,-1044
20200211,14150,14300,13800,14000,38376,13.08,1.93,2777,21237,12.35,5.0,-47.23,400,268,3657,-1573,-1044
20200212,14000,14700,13700,14250,96009,13.08,1.93,2777,21237,12.35,5.0,-47.23,400,268,3657,-1573,-1044
20200213,14000,14200,13850,13950,29465,13.08,1.93,2777,21237,12.35,5.0,-47.23,400,268,3657,-1573,-1044
20200214,13800,14100,13750,13950,18695,13.08,1.93,2777,21237,12.35,5.0,-47.23,400,268,3657,-1573,-1044
20200217,14000,14200,13700,13950,22236,13.08,1.93,2777,21237,12.35,5.0,-47.23,400,268,3657,-1573,-1044
20200218,13800,14100,13700,13900,31257,13.08,1.93,2777,21237,12.35,5.0,-47.23,400,268,3657,-1573,-1044
20200219,13900,14350,13750,14300,32726,13.08,1.93,2777,21237,12.35,5.0,-47.23,400,268,3657,-1573,-1044
20200220,14400,14700,13950,14000,50068,13.08,1.93,2777,21237,12.35,5.0,-47.23,400,268,3657,-1573,-1044
20200221,13950,14150,13400,13550,69368,13.08,1.93,2777,21237,12.35,5.0,-47.23,400,268,3657,-1573,-1044
20200224,13250,13700,12450,12750,77119,13.08,1.93,2777,21237,12.35,5.0,-47.23,400,268,3657,-1573,-1044
20200225,12450,13050,12450,12850,27256,13.08,1.93,2777,21237,12.35,5.0,-47.23,400,268,3657,-1573,-1044
20200226,12750,12800,12250,12600,44419,13.08,1.93,2777,21237,12.35,5.0,-47.23,400,268,3657,-1573,-1044
20200227,12500,12750,12000,12000,77523,13.08,1.93,2777,21237,12.35,5.0,-47.23,400,268,3657,-1573,-1044
20200228,11700,12000,11100,11600,77477,13.08,1.93,2777,21237,12.35,5.0,-47.23,400,268,3657,-1573,-1044
20200302,11400,11700,11150,11400,40267,13.08,1.93,2777,21237,12.35,5.0,-47.23,400,268,3657,-1573,-1044
20200303,11600,12200,11450,11750,31688,13.08,1.93,2777,21237,12.35,5.0,-47.23,400,268,3657,-1573,-1044
20200304,11500,12100,11350,12050,40939,13.08,1.93,2777,21237,12.35,5.0,-47.23,400,268,3657,-1573,-1044
20200305,12050,12300,11950,12250,37327,13.08,1.93,2777,21237,12.35,5.0,-47.23,400,268,3657,-1573,-1044
20200306,12900,13950,11950,12100,149009,13.08,1.93,2777,21237,12.35,5.0,-47.23,400,268,3657,-1573,-1044
20200309,11900,11950,11400,11700,56003,13.08,1.93,2777,21237,12.35,5.0,-47.23,400,268,3657,-1573,-1044
20200310,11600,11900,11100,11900,34413,13.08,1.93,2777,21237,12.35,5.0,-47.23,400,268,3657,-1573,-1044
20200311,11900,12150,11300,11450,48775,13.08,1.93,2777,21237,12.35,5.0,-47.23,400,268,3657,-1573,-1044
20200312,11700,11700,10500,10850,99935,13.08,1.93,2777,21237,12.35,5.0,-47.23,400,268,3657,-1573,-1044
20200313,10000,10650,9410,9780,145278,13.08,1.93,2777,21237,12.35,5.0,-47.23,400,268,3657,-1573,-1044
20200316,9880,10200,9510,9890,50322,13.08,1.93,2777,21237,12.35,5.0,-47.23,400,268,3657,-1573,-1044
20200317,9680,9980,9210,9790,37072,13.08,1.93,2777,21237,12.35,5.0,-47.23,400,268,3657,-1573,-1044
20200318,9620,10350,9310,9310,40184,13.08,1.93,2777,21237,12.35,5.0,-47.23,400,268,3657,-1573,-1044
20200319,9210,9310,8290,8730,86856,13.08,1.93,2777,21237,12.35,5.0,-47.23,400,268,3657,-1573,-1044
20200320,8560,9210,8440,9210,52415,13.08,1.93,2777,21237,12.35,5.0,-47.23,400,268,3657,-1573,-1044
20200323,8460,8580,8100,8100,27049,13.08,1.93,2777,21237,12.35,5.0,-47.23,400,268,3657,-1573,-1044
20200324,8200,8560,8200,8300,34899,13.08,1.93,2777,21237,12.35,5.0,-47.23,400,268,3657,-1573,-1044
20200325,8680,9100,8400,9020,108481,13.08,1.93,2777,21237,12.35,5.0,-47.23,400,268,3657,-1573,-1044
20200326,9020,9680,8790,9200,48749,13.08,1.93,2777,21237,12.35,5.0,-47.23,400,268,3657,-1573,-1044
20200327,9360,9690,9280,9450,69933,13.08,1.93,2777,21237,12.35,5.0,-47.23,400,268,3657,-1573,-1044
20200330,9400,9700,9200,9700,27112,13.08,1.93,2777,21237,12.35,5.0,-47.23,400,268,3657,-1573,-1044
20200331,9790,10200,9790,10050,48490,13.08,1.93,2777,21237,12.35,5.0,-47.23,400,268,3657,-1573,-1044
20200401,10050,10700,10050,10200,29296,13.08,1.93,2777,21237,12.35,5.0,-47.23,400,268,3657,-1573,-1044
20200402,10200,10300,9800,10300,14213,13.08,1.93,2777,21237,12.35,5.0,-47.23,400,268,3657,-1573,-1044
20200403,10500,10950,10400,10950,28501,13.08,1.93,2777,21237,12.35,5.0,-47.23,400,268,3657,-1573,-1044
20200406,11000,12300,11000,11750,64875,13.08,1.93,2777,21237,12.35,5.0,-47.23,400,268,3657,-1573,-1044
20200407,12050,12500,11650,12050,45732,13.08,1.93,2777,21237,12.35,5.0,-47.23,400,268,3657,-1573,-1044
20200408,12300,12550,11800,12200,35578,13.08,1.93,2777,21237,12.35,5.0,-47.23,400,268,3657,-1573,-1044
20200409,12700,12700,11900,12250,22423,13.08,1.93,2777,21237,12.35,5.0,-47.23,400,268,3657,-1573,-1044
20200410,12300,12400,11850,12300,19535,13.08,1.93,2777,21237,12.35,5.0,-47.23,400,268,3657,-1573,-1044
20200413,12450,12450,11800,12200,23936,13.08,1.93,2777,21237,12.35,5.0,-47.23,400,268,3657,-1573,-1044
20200414,12150,12400,12100,12200,49997,13.08,1.93,2777,21237,12.35,5.0,-47.23,400,268,3657,-1573,-1044
20200416,12000,12200,11750,12050,22496,13.08,1.93,2777,21237,12.35,5.0,-47.23,400,268,3657,-1573,-1044
20200417,12100,12350,12050,12050,36087,13.08,1.93,2777,21237,12.35,5.0,-47.23,400,268,3657,-1573,-1044
20200420,12150,12300,11850,11950,15077,13.08,1.93,2777,21237,12.35,5.0,-47.23,400,268,3657,-1573,-1044
20200421,11950,12100,11450,11750,24427,13.08,1.93,2777,21237,12.35,5.0,-47.23,400,268,3657,-1573,-1044
20200422,11750,12050,11250,11750,15146,13.08,1.93,2777,21237,12.35,5.0,-47.23,400,268,3657,-1573,-1044
20200423,11750,12350,11600,12300,41400,13.08,1.93,2777,21237,12.35,5.0,-47.23,400,268,3657,-1573,-1044
20200424,12300,12650,12100,12500,39186,13.08,1.93,2777,21237,12.35,5.0,-47.23,400,268,3657,-1573,-1044
20200427,12500,13000,12450,12800,117992,13.08,1.93,2777,21237,12.35,5.0,-47.23,400,268,3657,-1573,-1044
20200428,12700,13450,12500,13300,51152,13.08,1.93,2777,21237,12.35,5.0,-47.23,400,268,3657,-1573,-1044
20200429,13450,13700,13250,13550,24302,13.08,1.93,2777,21237,12.35,5.0,-47.23,400,268,3657,-1573,-1044
20200504,13550,14700,13450,13950,77911,13.08,1.93,2777,21237,12.35,5.0,-47.23,400,268,3657,-1573,-1044
20200506,14050,14650,14050,14550,49973,13.08,1.93,2777,21237,12.35,5.0,-47.23,400,268,3657,-1573,-1044
20200507,14600,14850,14400,14600,56032,13.08,1.93,2777,21237,12.35,5.0,-47.23,400,268,3657,-1573,-1044
20200508,14700,14750,14000,14250,76110,13.08,1.93,2777,21237,12.35,5.0,-47.23,400,268,3657,-1573,-1044
20200511,14550,14800,13700,14650,64315,13.08,1.93,2777,21237,12.35,5.0,-47.23,400,268,3657,-1573,-1044
20200512,14800,15200,14600,14950,98749,13.08,1.93,2777,21237,12.35,5.0,-47.23,400,268,3657,-1573,-1044
20200513,14900,14950,14550,14850,51682,13.08,1.93,2777,21237,12.35,5.0,-47.23,400,268,3657,-1573,-1044
20200514,14850,15300,14500,15200,90463,13.08,1.93,2777,21237,12.35,5.0,-47.23,400,268,3657,-1573,-1044
20200515,15350,15650,15150,15350,106467,13.08,1.93,2777,21237,12.35,5.0,-47.23,400,268,3657,-1573,-1044
20200518,15600,17700,15600,16250,200828,13.08,1.93,2777,21237,12.35,5.0,-47.23,400,268,3657,-1573,-1044
20200519,16500,16800,16150,16250,53123,13.08,1.93,2777,21237,12.35,5.0,-47.23,400,268,3657,-1573,-1044
20200520,16950,17450,16400,16500,75512,13.08,1.93,2777,21237,12.35,5.0,-47.23,400,268,3657,-1573,-1044
20200521,16900,16900,16200,16350,37411,13.08,1.93,2777,21237,12.35,5.0,-47.23,400,268,3657,-1573,-1044
20200522,16400,16550,16050,16250,55328,13.08,1.93,2777,21237,12.35,5.0,-47.23,400,268,3657,-1573,-1044
20200525,16250,16500,16150,16500,33163,13.08,1.93,2777,21237,12.35,5.0,-47.23,400,268,3657,-1573,-1044
20200526,16600,16600,16250,16350,28420,13.08,1.93,2777,21237,12.35,5.0,-47.23,400,268,3657,-1573,-1044
20200527,16350,16500,16100,16350,30225,13.08,1.93,2777,21237,12.35,5.0,-47.23,400,268,3657,-1573,-1044
20200528,16350,16350,15850,16000,49750,13.08,1.93,2777,21237,12.35,5.0,-47.23,400,268,3657,-1573,-1044
20200529,15950,16450,15950,16300,48488,13.08,1.93,2777,21237,12.35,5.0,-47.23,400,268,3657,-1573,-1044
20200601,16250,17800,16250,17100,266441,13.08,1.93,2777,21237,12.35,5.0,-47.23,400,268,3657,-1573,-1044
20200602,17100,17600,16900,17300,60311,13.08,1.93,2777,21237,12.35,5.0,-47.23,400,268,3657,-1573,-1044
20200603,17300,17350,16750,16850,52467,13.08,1.93,2777,21237,12.35,5.0,-47.23,400,268,3657,-1573,-1044
20200604,17200,19200,16900,17300,478758,13.08,1.93,2777,21237,12.35,5.0,-47.23,400,268,3657,-1573,-1044
20200605,17300,17500,17000,17150,60743,13.08,1.93,2777,21237,12.35,5.0,-47.23,400,268,3657,-1573,-1044
20200608,17250,17300,16800,16850,36209,13.08,1.93,2777,21237,12.35,5.0,-47.23,400,268,3657,-1573,-1044
20200609,17100,18000,16950,17900,134752,13.08,1.93,2777,21237,12.35,5.0,-47.23,400,268,3657,-1573,-1044
20200610,17850,18900,17500,18200,107497,13.08,1.93,2777,21237,12.35,5.0,-47.23,400,268,3657,-1573,-1044
20200611,18200,19050,18100,18600,106960,13.08,1.93,2777,21237,12.35,5.0,-47.23,400,268,3657,-1573,-1044
20200612,17900,19600,17500,19350,141325,13.08,1.93,2777,21237,12.35,5.0,-47.23,400,268,3657,-1573,-1044
20200615,19950,21400,19200,20250,400468,13.08,1.93,2777,21237,12.35,5.0,-47.23,400,268,3657,-1573,-1044
20200616,21200,21800,21100,21700,193490,13.08,1.93,2777,21237,12.35,5.0,-47.23,400,268,3657,-1573,-1044
20200617,21700,23450,21700,23150,207854,13.08,1.93,2777,21237,12.35,5.0,-47.23,400,268,3657,-1573,-1044
20200618,24000,24500,23000,23350,138452,13.08,1.93,2777,21237,12.35,5.0,-47.23,400,268,3657,-1573,-1044
20200619,23350,23850,23050,23400,75107,13.08,1.93,2777,21237,12.35,5.0,-47.23,400,268,3657,-1573,-1044
20200622,24200,24200,22950,23500,103740,13.08,1.93,2777,21237,12.35,5.0,-47.23,400,268,3657,-1573,-1044
20200623,23800,24250,23200,24250,113870,13.08,1.93,2777,21237,12.35,5.0,-47.23,400,268,3657,-1573,-1044
20200624,24400,24800,23100,23450,88914,13.08,1.93,2777,21237,12.35,5.0,-47.23,400,268,3657,-1573,-1044
20200625,22750,23450,22500,22800,73765,13.08,1.93,2777,21237,12.35,5.0,-47.23,400,268,3657,-1573,-1044
20200626,22850,23050,22200,22700,48453,13.08,1.93,2777,21237,12.35,5.0,-47.23,400,268,3657,-1573,-1044
20200629,22200,22700,22000,22000,60096,13.08,1.93,2777,21237,12.35,5.0,-47.23,400,268,3657,-1573,-1044
20200630,22200,22650,21700,21700,66196,13.08,1.93,2777,21237,12.35,5.0,-47.23,400,268,3657,-1573,-1044
20200701,22150,22150,21150,21350,59197,13.08,1.93,2777,21237,12.35,5.0,-47.23,400,268,3657,-1573,-1044
20200702,21350,22150,21350,21750,41711,13.08,1.93,2777,21237,12.35,5.0,-47.23,400,268,3657,-1573,-1044
20200703,21900,22350,21500,21850,36407,13.08,1.93,2777,21237,12.35,5.0,-47.23,400,268,3657,-1573,-1044
20200706,21900,22150,21600,21850,36406,13.08,1.93,2777,21237,12.35,5.0,-47.23,400,268,3657,-1573,-1044
20200707,21850,22350,21450,22350,47077,13.08,1.93,2777,21237,12.35,5.0,-47.23,400,268,3657,-1573,-1044
20200708,22350,22500,22050,22300,25021,13.08,1.93,2777,21237,12.35,5.0,-47.23,400,268,3657,-1573,-1044
20200709,22500,22500,21700,21900,30849,13.08,1.93,2777,21237,12.35,5.0,-47.23,400,268,3657,-1573,-1044
20200710,22300,23350,21800,23100,64795,13.08,1.93,2777,21237,12.35,5.0,-47.23,400,268,3657,-1573,-1044
20200713,23100,23450,22250,22700,45802,13.08,1.93,2777,21237,12.35,5.0,-47.23,400,268,3657,-1573,-1044
20200714,22500,22700,21700,21850,40460,13.08,1.93,2777,21237,12.35,5.0,-47.23,400,268,3657,-1573,-1044
20200715,22250,22400,21450,21600,32057,13.08,1.93,2777,21237,12.35,5.0,-47.23,400,268,3657,-1573,-1044
20200716,21800,21800,21000,21100,36394,13.08,1.93,2777,21237,12.35,5.0,-47.23,400,268,3657,-1573,-1044
20200717,21200,21500,20950,21350,17406,13.08,1.93,2777,21237,12.35,5.0,-47.23,400,268,3657,-1573,-1044
20200720,21000,21000,19600,20450,80202,13.08,1.93,2777,21237,12.35,5.0,-47.23,400,268,3657,-1573,-1044
20200721,20500,21400,20500,20850,36881,13.08,1.93,2777,21237,12.35,5.0,-47.23,400,268,3657,-1573,-1044
20200722,20850,21050,20450,20750,16771,13.08,1.93,2777,21237,12.35,5.0,-47.23,400,268,3657,-1573,-1044
20200723,20750,21000,20400,20500,38976,13.08,1.93,2777,21237,12.35,5.0,-47.23,400,268,3657,-1573,-1044
20200724,20400,20850,20050,20150,20209,13.08,1.93,2777,21237,12.35,5.0,-47.23,400,268,3657,-1573,-1044
20200727,20100,21300,20100,20850,47299,13.08,1.93,2777,21237,12.35,5.0,-47.23,400,268,3657,-1573,-1044
20200728,21400,21400,20550,20800,19410,13.08,1.93,2777,21237,12.35,5.0,-47.23,400,268,3657,-1573,-1044
20200729,20600,21700,20550,21650,26511,13.08,1.93,2777,21237,12.35,5.0,-47.23,400,268,3657,-1573,-1044
20200730,21700,22000,20950,21450,41124,13.08,1.93,2777,21237,12.35,5.0,-47.23,400,268,3657,-1573,-1044
20200731,21450,21500,21000,21350,22794,13.08,1.93,2777,21237,12.35,5.0,-47.23,400,268,3657,-1573,-1044
20200803,21350,22450,21350,22300,55220,13.08,1.93,2777,21237,12.35,5.0,-47.23,400,268,3657,-1573,-1044
20200804,22850,22850,21950,22200,19970,13.08,1.93,2777,21237,12.35,5.0,-47.23,400,268,3657,-1573,-1044
20200805,22200,22900,22100,22650,57490,13.08,1.93,2777,21237,12.35,5.0,-47.23,400,268,3657,-1573,-1044
20200806,22900,22900,21950,22050,30199,13.08,1.93,2777,21237,12.35,5.0,-47.23,400,268,3657,-1573,-1044
20200807,22300,22300,21600,21700,24011,13.08,1.93,2777,21237,12.35,5.0,-47.23,400,268,3657,-1573,-1044
20200810,21700,22050,21450,21500,21076,13.08,1.93,2777,21237,12.35,5.0,-47.23,400,268,3657,-1573,-1044
20200811,21600,21900,21350,21800,30208,13.08,1.93,2777,21237,12.35,5.0,-47.23,400,268,3657,-1573,-1044
20200812,22000,22250,21500,21800,20301,13.08,1.93,2777,21237,12.35,5.0,-47.23,400,268,3657,-1573,-1044
20200813,22150,22200,21400,21500,37338,13.08,1.93,2777,21237,12.35,5.0,-47.23,400,268,3657,-1573,-1044
20200814,21850,21900,20050,20800,71332,13.08,1.93,2777,21237,12.35,5.0,-47.23,400,268,3657,-1573,-1044
20200818,21000,21000,19000,19550,94334,13.08,1.93,2777,21237,12.35,5.0,-47.23,400,268,3657,-1573,-1044
20200819,19500,20250,19500,19900,24300,13.08,1.93,2777,21237,12.35,5.0,-47.23,400,268,3657,-1573,-1044
20200820,19950,20500,19000,19250,39891,13.08,1.93,2777,21237,12.35,5.0,-47.23,400,268,3657,-1573,-1044
20200821,19150,19450,18450,19100,36917,13.08,1.93,2777,21237,12.35,5.0,-47.23,400,268,3657,-1573,-1044
20200824,19100,19350,18450,19200,17952,13.08,1.93,2777,21237,12.35,5.0,-47.23,400,268,3657,-1573,-1044
20200825,19300,19350,18650,19000,33435,13.08,1.93,2777,21237,12.35,5.0,-47.23,400,268,3657,-1573,-1044
20200826,19200,19200,18000,18500,73533,13.08,1.93,2777,21237,12.35,5.0,-47.23,400,268,3657,-1573,-1044
20200827,18700,18700,17750,17800,66256,13.08,1.93,2777,21237,12.35,5.0,-47.23,400,268,3657,-1573,-1044
20200828,17950,18150,17700,17850,41084,13.08,1.93,2777,21237,12.35,5.0,-47.23,400,268,3657,-1573,-1044
20200831,17700,18150,17600,17900,36642,13.08,1.93,2777,21237,12.35,5.0,-47.23,400,268,3657,-1573,-1044
20200901,17950,17950,17300,17700,64604,13.08,1.93,2777,21237,12.35,5.0,-47.23,400,268,3657,-1573,-1044
20200902,17750,18000,17500,17800,38433,13.08,1.93,2777,21237,12.35,5.0,-47.23,400,268,3657,-1573,-1044
20200903,17900,17950,17500,17650,28253,13.08,1.93,2777,21237,12.35,5.0,-47.23,400,268,3657,-1573,-1044
20200904,17000,17450,17000,17100,41091,13.08,1.93,2777,21237,12.35,5.0,-47.23,400,268,3657,-1573,-1044
20200907,17050,17350,17000,17150,24962,13.08,1.93,2777,21237,12.35,5.0,-47.23,400,268,3657,-1573,-1044
20200908,17400,17950,17100,17600,56360,13.08,1.93,2777,21237,12.35,5.0,-47.23,400,268,3657,-1573,-1044
20200909,17550,17550,17100,17200,43925,13.08,1.93,2777,21237,12.35,5.0,-47.23,400,268,3657,-1573,-1044
20200910,17300,17500,17000,17300,25896,13.08,1.93,2777,21237,12.35,5.0,-47.23,400,268,3657,-1573,-1044
20200911,17400,17550,16950,17150,22949,13.08,1.93,2777,21237,12.35,5.0,-47.23,400,268,3657,-1573,-1044
20200914,17050,17150,16850,17000,30219,13.08,1.93,2777,21237,12.35,5.0,-47.23,400,268,3657,-1573,-1044
20200915,17150,17350,17000,17250,44019,13.08,1.93,2777,21237,12.35,5.0,-47.23,400,268,3657,-1573,-1044
20200916,17350,17400,17000,17200,38788,13.08,1.93,2777,21237,12.35,5.0,-47.23,400,268,3657,-1573,-1044
20200917,17200,17600,17100,17200,45515,13.08,1.93,2777,21237,12.35,5.0,-47.23,400,268,3657,-1573,-1044
20200918,17200,17300,16600,16700,39248,13.08,1.93,2777,21237,12.35,5.0,-47.23,400,268,3657,-1573,-1044
20200921,16750,16950,15950,16550,38800,13.08,1.93,2777,21237,12.35,5.0,-47.23,400,268,3657,-1573,-1044
20200922,16550,16800,15750,16100,33221,13.08,1.93,2777,21237,12.35,5.0,-47.23,400,268,3657,-1573,-1044
20200923,16150,16350,15400,16250,30743,13.08,1.93,2777,21237,12.35,5.0,-47.23,400,268,3657,-1573,-1044
20200924,15950,16200,15450,16000,21922,13.08,1.93,2777,21237,12.35,5.0,-47.23,400,268,3657,-1573,-1044
20200925,15900,15950,15500,15700,24904,13.08,1.93,2777,21237,12.35,5.0,-47.23,400,268,3657,-1573,-1044
20200928,16200,17000,15800,16900,36464,13.08,1.93,2777,21237,12.35,5.0,-47.23,400,268,3657,-1573,-1044
20200929,16950,17050,16250,16950,20818,13.08,1.93,2777,21237,12.35,5.0,-47.23,400,268,3657,-1573,-1044
20201005,17050,17050,16750,16950,10657,13.08,1.93,2777,21237,12.35,5.0,-47.23,400,268,3657,-1573,-1044
20201006,17000,17600,16750,17300,48202,13.08,1.93,2777,21237,12.35,5.0,-47.23,400,268,3657,-1573,-1044
20201007,17200,17450,17000,17150,19361,13.08,1.93,2777,21237,12.35,5.0,-47.23,400,268,3657,-1573,-1044
20201008,17300,17450,17000,17250,20921,13.08,1.93,2777,21237,12.35,5.0,-47.23,400,268,3657,-1573,-1044
20201012,17250,17750,17200,17300,21667,13.08,1.93,2777,21237,12.35,5.0,-47.23,400,268,3657,-1573,-1044
20201013,17350,17550,17150,17300,13232,13.08,1.93,2777,21237,12.35,5.0,-47.23,400,268,3657,-1573,-1044
20201014,17500,17500,16850,17250,20191,13.08,1.93,2777,21237,12.35,5.0,-47.23,400,268,3657,-1573,-1044
20201015,17350,17350,16750,17300,15121,13.08,1.93,2777,21237,12.35,5.0,-47.23,400,268,3657,-1573,-1044
20201016,17400,17400,16500,16800,36173,13.08,1.93,2777,21237,12.35,5.0,-47.23,400,268,3657,-1573,-1044
20201019,16650,16950,16450,16800,14240,13.08,1.93,2777,21237,12.35,5.0,-47.23,400,268,3657,-1573,-1044
20201020,17200,17200,16150,16350,18822,13.08,1.93,2777,21237,12.35,5.0,-47.23,400,268,3657,-1573,-1044
20201021,16500,16650,16150,16450,14458,13.08,1.93,2777,21237,12.35,5.0,-47.23,400,268,3657,-1573,-1044
20201022,16350,16600,15800,16300,46675,13.08,1.93,2777,21237,12.35,5.0,-47.23,400,268,3657,-1573,-1044
20201023,16300,16350,15650,15700,27908,13.08,1.93,2777,21237,12.35,5.0,-47.23,400,268,3657,-1573,-1044
20201026,15550,15900,15000,15400,38397,13.08,1.93,2777,21237,12.35,5.0,-47.23,400,268,3657,-1573,-1044
20201027,15400,15500,14900,15150,27423,13.08,1.93,2777,21237,12.35,5.0,-47.23,400,268,3657,-1573,-1044
20201028,15200,15300,14850,15100,35021,13.08,1.93,2777,21237,12.35,5.0,-47.23,400,268,3657,-1573,-1044
20201029,14850,15100,14450,14750,37517,13.08,1.93,2777,21237,12.35,5.0,-47.23,400,268,3657,-1573,-1044
20201030,14900,14900,14400,14600,19132,13.08,1.93,2777,21237,12.35,5.0,-47.23,400,268,3657,-1573,-1044
20201102,14550,15500,14450,14800,14393,13.08,1.93,2777,21237,12.35,5.0,-47.23,400,268,3657,-1573,-1044
20201103,14850,15200,14850,15200,7587,13.08,1.93,2777,21237,12.35,5.0,-47.23,400,268,3657,-1573,-1044
20201104,15350,15600,15200,15500,9223,13.08,1.93,2777,21237,12.35,5.0,-47.23,400,268,3657,-1573,-1044
20201105,15600,15750,15500,15600,9526,13.08,1.93,2777,21237,12.35,5.0,-47.23,400,268,3657,-1573,-1044
20201106,15600,15650,15350,15600,6912,13.08,1.93,2777,21237,12.35,5.0,-47.23,400,268,3657,-1573,-1044
20201109,15550,15700,15350,15700,11218,13.08,1.93,2777,21237,12.35,5.0,-47.23,400,268,3657,-1573,-1044
20201110,15950,16100,15650,15750,11293,13.08,1.93,2777,21237,12.35,5.0,-47.23,400,268,3657,-1573,-1044
20201111,15750,16100,15600,16000,12457,13.08,1.93,2777,21237,12.35,5.0,-47.23,400,268,3657,-1573,-1044
20201112,16250,16250,15850,16000,7939,13.08,1.93,2777,21237,12.35,5.0,-47.23,400,268,3657,-1573,-1044
20201113,15850,16100,15150,15950,41561,13.08,1.93,2777,21237,12.35,5.0,-47.23,400,268,3657,-1573,-1044
20201116,16000,16100,15600,16000,20120,13.08,1.93,2777,21237,12.35,5.0,-47.23,400,268,3657,-1573,-1044
20201117,16000,16000,15600,15600,22772,13.08,1.93,2777,21237,12.35,5.0,-47.23,400,268,3657,-1573,-1044
20201118,15500,15900,15500,15650,28762,13.08,1.93,2777,21237,12.35,5.0,-47.23,400,268,3657,-1573,-1044
20201119,15650,15750,15350,15550,17990,13.08,1.93,2777,21237,12.35,5.0,-47.23,400,268,3657,-1573,-1044
20201120,15700,15700,15350,15350,9253,13.08,1.93,2777,21237,12.35,5.0,-47.23,400,268,3657,-1573,-1044
20201123,15250,15350,15000,15100,38488,13.08,1.93,2777,21237,12.35,5.0,-47.23,400,268,3657,-1573,-1044
20201124,15100,15250,14900,15150,31176,13.08,1.93,2777,21237,12.35,5.0,-47.23,400,268,3657,-1573,-1044
20201125,15200,15700,15000,15500,39663,13.08,1.93,2777,21237,12.35,5.0,-47.23,400,268,3657,-1573,-1044
20201126,15500,16150,15400,15950,46531,13.08,1.93,2777,21237,12.35,5.0,-47.23,400,268,3657,-1573,-1044
20201127,15950,16000,15650,15950,36381,13.08,1.93,2777,21237,12.35,5.0,-47.23,400,268,3657,-1573,-1044
20201130,15900,16100,15700,15800,21003,13.08,1.93,2777,21237,12.35,5.0,-47.23,400,268,3657,-1573,-1044
20201201,15950,15950,15450,15700,30135,13.08,1.93,2777,21237,12.35,5.0,-47.23,400,268,3657,-1573,-1044
20201202,15550,15550,15300,15400,23334,13.08,1.93,2777,21237,12.35,5.0,-47.23,400,268,3657,-1573,-1044
20201203,15400,15550,15350,15500,25651,13.08,1.93,2777,21237,12.35,5.0,-47.23,400,268,3657,-1573,-1044
20201204,15500,15500,15100,15400,34670,13.08,1.93,2777,21237,12.35,5.0,-47.23,400,268,3657,-1573,-1044
20201207,15250,15300,14900,14950,37472,13.08,1.93,2777,21237,12.35,5.0,-47.23,400,268,3657,-1573,-1044
20201208,14950,15050,14550,14600,50578,13.08,1.93,2777,21237,12.35,5.0,-47.23,400,268,3657,-1573,-1044
20201209,14600,18400,14400,15950,229948,13.08,1.93,2777,21237,12.35,5.0,-47.23,400,268,3657,-1573,-1044
20201210,15500,16200,15000,16050,143160,13.08,1.93,2777,21237,12.35,5.0,-47.23,400,268,3657,-1573,-1044
20201211,16300,16400,15650,15950,49685,13.08,1.93,2777,21237,12.35,5.0,-47.23,400,268,3657,-1573,-1044
20201214,15800,15900,15350,15650,25615,13.08,1.93,2777,21237,12.35,5.0,-47.23,400,268,3657,-1573,-1044
20201215,15650,15650,15150,15400,28774,13.08,1.93,2777,21237,12.35,5.0,-47.23,400,268,3657,-1573,-1044
20201216,15400,15600,15250,15450,31176,13.08,1.93,2777,21237,12.35,5.0,-47.23,400,268,3657,-1573,-1044
20201217,15400,15400,15200,15350,43027,13.08,1.93,2777,21237,12.35,5.0,-47.23,400,268,3657,-1573,-1044
20201218,15300,15550,15300,15400,23628,13.08,1.93,2777,21237,12.35,5.0,-47.23,400,268,3657,-1573,-1044
20201221,15400,15400,15200,15350,46320,13.08,1.93,2777,21237,12.35,5.0,-47.23,400,268,3657,-1573,-1044
20201222,15250,15300,15000,15100,26101,13.08,1.93,2777,21237,12.35,5.0,-47.23,400,268,3657,-1573,-1044
20201223,14950,15200,14850,15100,24624,13.08,1.93,2777,21237,12.35,5.0,-47.23,400,268,3657,-1573,-1044
20201224,15100,15400,15000,15150,22301,13.08,1.93,2777,21237,12.35,5.0,-47.23,400,268,3657,-1573,-1044
20201228,15250,15250,14850,15150,77546,13.08,1.93,2777,21237,12.35,5.0,-47.23,400,268,3657,-1573,-1044
20201229,14900,15150,14900,14950,20889,13.08,1.93,2777,21237,12.35,5.0,-47.23,400,268,3657,-1573,-1044
20201230,15000,15100,14950,15050,13918,13.08,1.93,2777,21237,12.35,5.0,-47.23,400,268,3657,-1573,-1044
